year	CODIGO	MUNICIPIO	pct_pob_pobre	exten_km2	pob_rural	pob_urb	pob_tot	part_urb	part_rural	densi	pob_mas	pob_com_May18	pob_fem	pob_est_INE	pob_com_May6	pob_com_May10	pea	pea_sec_prima	pea_sec_secun	pea_sec_ter	hog_sit_pobre	hog_sit_pobre2	muj_jefa_hogar	muj_jefa_hogar_pobre	muj_jefa_hogar_pobre2	totemp	totPYM	TotMicro	TotalGrande	part_PYM	part_Micro
2011	1101	IQUIQUE	14	2262	3794	182168	185962	97.95979824	2.040201762	82.21131742	90054	135903	95908	185962	170137	159875	68040	3835	3999	51154	17439	25843	22622	12722	16966	13174	3067	8498	345	23.28070442	64.50584485
2011	1107	ALTO HOSPICIO	19.9	573	0	93843	93843	100	0	163.7748691	46794	57551	47049	93843	81154	72956	18067	973	1245	12818	14601	20179	16007	11483	13986	2876	362	2348	13	12.58692629	81.64116829
2011	1401	POZO ALMONTE	12.6	13766	7461	9866	17327	56.94003578	43.05996422	1.258680808	11089	12631	6238	17327	15764	14802	4330	1258	257	2346	1107	1828	1151	609	864	581	106	446	6	18.2444062	76.76419966
2011	1402	CAMIÑA	15	2200	990	0	990	0	100	0.45	525	639	465	990	853	766	506	332	7	150	370	424	136	118	131	66	4	57	0	6.060606061	86.36363636
2011	1403	COLCHANE	36.9	4016	1630	0	1630	0	100	0.405876494	974	1279	656	1630	1500	1422	672	212	14	335	218	225	65	65	65	21	1	14	0	4.761904762	66.66666667
2011	1404	HUARA	10.1	10475	3370	0	3370	0	100	0.321718377	1798	2174	1572	3370	2918	2648	1105	459	33	535	398	546	259	165	210	117	6	102	1	5.128205128	87.17948718
2011	1405	PICA	14.1	8934	4335	14269	18604	76.69855945	23.30144055	2.082381912	15970	17129	2634	18604	18019	17696	4197	1243	212	2489	464	781	590	264	411	300	27	254	0	9	84.66666667
2011	2101	ANTOFAGASTA	7.2	30718	0	372973	372973	100	0	12.14183866	193878	265055	179095	372973	337064	314029	118375	10947	9081	86009	20974	33950	34419	15455	22271	16814	3838	10947	187	22.82621625	65.1064589
2011	2102	MEJILLONES	6.2	3804	442	10654	11096	96.01658255	3.983417448	2.916929548	5856	7847	5240	11096	9919	9221	3529	831	381	1897	726	1321	910	431	638	514	122	339	9	23.73540856	65.95330739
2011	2103	SIERRA GORDA	2.1	12886	3738	0	3738	0	100	0.29008226	2890	3235	848	3738	3509	3409	1757	772	109	775	104	168	183	80	115	91	21	66	2	23.07692308	72.52747253
2011	2104	TALTAL	11.2	20405	1813	8797	10610	82.91234684	17.08765316	0.519970595	5863	7559	4747	10610	9590	8914	4752	1515	288	2499	966	1677	1062	508	732	666	163	429	3	24.47447447	64.41441441
2011	2201	CALAMA	9.2	15597	1762	147022	148784	98.81573287	1.184267125	9.539270373	75677	102236	73107	148784	132923	122746	54428	8708	3556	36483	8910	14154	13193	6389	8923	7178	1332	4974	48	18.55670103	69.29506826
2011	2202	OLLAGÜE	5.3	2964	243	0	243	0	100	0.081983806	153	168	90	243	215	196	194	42	28	119	29	40	33	19	26	12	1	9	0	8.333333333	75
2011	2203	SAN PEDRO DE ATACAMA	5.7	23439	5659	3620	9279	39.01282466	60.98717534	0.395878664	5891	7549	3388	9279	8537	8158	2319	345	71	1708	616	953	847	413	584	533	87	429	0	16.32270169	80.48780488
2011	2301	TOCOPILLA	13	4039	1039	20289	21328	95.12846962	4.871530383	5.280514979	10428	15133	10900	21328	19296	17958	8445	934	522	5842	2813	4580	3176	1619	2319	1218	189	920	4	15.51724138	75.53366174
2011	2302	MARÍA ELENA	6.7	12197	61	3589	3650	98.32876712	1.671232877	0.299253915	2151	2675	1499	3650	3307	3096	3452	1188	297	1711	165	247	247	127	175	187	44	130	0	23.52941176	69.51871658
2011	3101	COPIAPÓ	18.4	16681	5002	158864	163866	96.94750589	3.052494111	9.82351178	82707	114552	81159	163866	147957	137513	48860	7641	2334	31846	12819	19873	13630	7378	10178	7436	1601	4868	64	21.53039268	65.46530393
2011	3102	CALDERA	16.4	4667	145	15072	15217	99.04711835	0.952881646	3.260552818	8080	10726	7137	15217	13744	12825	5345	1455	409	2740	2552	3424	2281	1486	1869	942	164	675	6	17.40976645	71.65605096
2011	3103	TIERRA AMARILLA	15.4	11191	5918	7987	13905	57.43976987	42.56023013	1.242516308	8027	9862	5878	13905	12519	11654	5391	2695	150	1580	1854	2665	1576	1038	1319	581	131	375	6	22.54733219	64.54388985
2011	3201	CHAÑARAL	21.9	5772	244	12458	12702	98.07904267	1.92095733	2.200623701	6628	8859	6074	12702	11438	10592	5120	932	265	3097	1428	2363	1485	792	1132	853	152	612	7	17.81946073	71.74677608
2011	3202	DIEGO DE ALMAGRO	9.8	18664	679	10982	11661	94.17717177	5.822828231	0.624785684	6494	8487	5167	11661	10622	9927	7960	1833	735	4707	1058	1592	1105	619	818	719	128	516	10	17.80250348	71.76634214
2011	3301	VALLENAR	19	7084	4768	41750	46518	89.75020422	10.24979578	6.566629023	22763	33325	23755	46518	42366	39537	16802	2762	808	9826	8225	11613	7449	4896	6252	2983	423	2110	10	14.18035535	70.73416024
2011	3302	ALTO DEL CARMEN	6.3	5939	4822	0	4822	0	100	0.811921199	2646	3603	2176	4822	4389	4116	1789	908	33	586	769	1170	441	242	350	394	25	317	0	6.345177665	80.45685279
2011	3303	FREIRINA	15.6	3578	2754	3130	5884	53.19510537	46.80489463	1.644494131	2903	4171	2981	5884	5337	4972	1859	580	86	860	712	1258	694	326	508	306	41	212	0	13.39869281	69.28104575
2011	3304	HUASCO	9.3	1601	1863	6137	8000	76.7125	23.2875	4.996876952	4002	5816	3998	8000	7301	6845	2913	642	181	1639	1378	2105	1172	727	944	433	58	322	1	13.39491917	74.36489607
2011	4101	LA SERENA	13.6	1893	18138	196547	214685	91.55134266	8.448657335	113.4099313	104442	154190	110243	214685	195762	183208	57821	5481	3473	39086	15147	24780	18433	9702	13546	10231	1970	6947	84	19.25520477	67.90147591
2011	4102	COQUIMBO	14.9	1429	15274	199835	215109	92.89941379	7.100586214	150.5311407	106128	154456	108981	215109	195931	183062	59681	6731	4697	37764	16945	28225	17878	9434	13396	8979	1547	6362	68	17.2290901	70.85421539
2011	4103	ANDACOLLO	18.8	310	499	7958	8457	94.09956249	5.900437507	27.28064516	4054	6298	4403	8457	7737	7282	3193	860	197	1382	1895	2852	1502	919	1227	463	94	325	3	20.30237581	70.19438445
2011	4104	LA HIGUERA	14.3	4158	2577	1364	3941	34.61050495	65.38949505	0.947811448	2159	2888	1782	3941	3563	3324	1404	542	32	611	788	1040	315	204	272	214	40	150	0	18.69158879	70.09345794
2011	4105	PAIGUANO	5.8	1495	4536	0	4536	0	100	3.034113712	2327	3372	2209	4536	4127	3867	1583	630	76	707	604	1001	436	239	351	374	29	322	0	7.754010695	86.09625668
2011	4106	VICUÑA	17.3	7610	8733	17825	26558	67.11725281	32.88274719	3.489881735	13294	18656	13264	26558	23966	22245	8468	2912	562	3548	4085	6135	3896	2468	3309	1273	215	914	7	16.88923802	71.79890024
2011	4201	ILLAPEL	14.3	2629	9003	22360	31363	71.29420017	28.70579983	11.92963104	15507	22813	15856	31363	28774	26916	9772	1872	500	5610	4032	6294	3094	1734	2461	1902	266	1372	6	13.98527865	72.13459516
2011	4202	CANELA	14.5	2197	6668	1809	8477	21.34009673	78.65990327	3.858443332	4341	6426	4136	8477	7801	7341	2087	370	71	1187	1758	2411	940	622	818	366	44	287	0	12.02185792	78.41530055
2011	4203	LOS VILOS	15.5	1861	4230	14645	18875	77.58940397	22.41059603	10.14239656	9574	13794	9301	18875	17234	16143	6397	1333	311	3795	3147	4482	2284	1457	1946	1076	138	820	4	12.82527881	76.20817844
2011	4204	SALAMANCA	17.6	3445	10643	15046	25689	58.56981587	41.43018413	7.456894049	14236	19378	11453	25689	23621	22218	9229	2390	489	4788	2918	4921	2635	1271	1870	1828	265	1389	7	14.49671772	75.98468271
2011	4301	OVALLE	26	3835	25749	86310	112059	77.02192595	22.97807405	29.22007823	55100	80270	56959	112059	101971	95153	34906	9480	1541	18733	13698	20940	11870	7341	9758	6142	833	4550	18	13.56235754	74.0801042
2011	4302	COMBARBALÁ	20.1	1896	7708	4510	12218	36.91275168	63.08724832	6.444092827	6082	9476	6136	12218	11352	10757	3915	779	142	2080	2625	3938	2021	1221	1731	641	81	470	1	12.63650546	73.32293292
2011	4303	MONTE PATRIA	14.6	4366	16827	15307	32134	47.63490384	52.36509616	7.36005497	16179	22814	15955	32134	28891	26811	10044	4095	269	3610	4612	7205	3317	1976	2765	1823	236	1392	6	12.94569391	76.35765222
2011	4304	PUNITAQUI	21.3	1339	6041	4378	10419	42.01938766	57.98061234	7.781179985	5240	7456	5179	10419	9433	8770	2841	1211	146	992	2133	2875	1314	945	1184	520	72	374	1	13.84615385	71.92307692
2011	4305	RÍO HURTADO	12.2	2117	4414	0	4414	0	100	2.08502598	2257	3383	2157	4414	4075	3849	1385	573	59	507	877	1319	665	419	574	266	17	215	0	6.390977444	80.82706767
2011	5101	VALPARAÍSO	21	402	493	270473	270966	99.81805835	0.181941646	674.0447761	134596	206859	136370	270966	250823	237776	106599	1808	7779	80823	27456	42730	34148	18286	25478	14089	2708	9291	127	19.22066861	65.94506352
2011	5102	CASABLANCA	12.7	953	8015	21871	29886	73.18142274	26.81857726	31.35991605	15296	21121	14590	29886	27003	25085	8407	1805	1198	4425	2258	3976	2300	1130	1689	1630	327	1081	16	20.06134969	66.3190184
2011	5103	CONCÓN	8.9	76	1447	58460	59907	97.58458945	2.415410553	788.25	28832	43301	31075	59907	54348	50924	12797	600	1027	9466	3190	4806	3165	1904	2501	1974	373	1301	19	18.89564336	65.90678825
2011	5104	JUAN FERNÁNDEZ	13.09	148	77	782	859	91.03608847	8.963911525	5.804054054	525	710	334	859	806	774	335	110	6	184	59	116	42	17	26	85	2	74	0	2.352941176	87.05882353
2011	5105	PUCHUNCAVÍ	14.1	300	2319	13949	16268	85.7450209	14.2549791	54.22666667	8152	12132	8116	16268	14919	14050	4847	601	320	3255	2153	3279	1751	1087	1424	996	132	734	8	13.25301205	73.69477912
2011	5107	QUINTERO	17.2	148	4450	21368	25818	82.76396313	17.23603687	174.4459459	12379	18647	13439	25818	23479	21961	7480	817	625	4601	2753	4291	2744	1571	2145	1536	196	1106	4	12.76041667	72.00520833
2011	5109	VIÑA DEL MAR	15.5	122	0	290781	290781	100	0	2383.45082	139529	223127	151252	290781	269638	255710	111838	1428	8065	86787	18192	32535	33052	13163	20959	19559	3873	12268	178	19.80162585	62.7230431
2011	5201	ISLA DE PASCUA	14.01	164	717	4317	5034	85.7568534	14.2431466	30.69512195	2532	3566	2502	5034	4492	4131	1832	151	165	1429	446	643	468	273	360	90	39	25	9	43.33333333	27.77777778
2011	5301	LOS ANDES	8.1	1248	8769	66312	75081	88.32061374	11.67938626	60.16105769	38396	54013	36685	75081	68682	64248	24060	2427	1531	16917	5364	8796	6345	3197	4638	3952	662	2694	36	16.75101215	68.16801619
2011	5302	CALLE LARGA	7.7	322	6002	5094	11096	45.90843547	54.09156453	34.45962733	5789	8123	5307	11096	10193	9563	3890	1196	237	1842	2122	3059	1391	953	1225	573	86	390	4	15.008726	68.06282723
2011	5303	RINCONADA	9.7	123	876	7135	8011	89.06503558	10.93496442	65.1300813	4088	5941	3923	8011	7334	6895	2530	780	114	1164	1530	2085	889	669	818	428	64	302	3	14.95327103	70.56074766
2011	5304	SAN ESTEBAN	8.3	1362	6544	10930	17474	62.5500744	37.4499256	12.82966226	8777	12943	8697	17474	15999	15018	5602	1516	277	3059	1960	3231	1469	849	1147	981	166	631	7	16.92150866	64.32212029
2011	5401	LA LIGUA	14.8	1163	8720	29366	38086	77.10444783	22.89555217	32.74806535	19154	27793	18932	38086	34837	32644	12416	2287	2078	6368	5438	8000	3888	2504	3307	2809	316	2113	5	11.249555	75.22249911
2011	5402	CABILDO	12.2	1455	7204	13782	20986	65.672353	34.327647	14.4233677	10271	14841	10715	20986	18932	17595	6651	2474	346	2935	2106	3802	1807	955	1377	1471	237	1014	6	16.11148878	68.93269884
2011	5403	PAPUDO	12.6	166	285	5289	5574	94.88697524	5.113024758	33.57831325	2952	3992	2622	5574	5079	4733	1649	241	68	985	599	1020	339	180	261	349	47	226	4	13.46704871	64.75644699
2011	5404	PETORCA	16.2	1517	2984	6776	9760	69.42622951	30.57377049	6.433750824	4908	7261	4852	9760	8946	8402	2997	830	93	1392	1519	2403	1165	701	957	635	71	451	0	11.18110236	71.02362205
2011	5405	ZAPALLAR	10.3	288	591	6608	7199	91.79052646	8.209473538	24.99652778	3606	5389	3593	7199	6601	6220	2199	311	90	1516	654	1145	476	261	366	962	297	482	27	30.87318087	50.1039501
2011	5501	QUILLOTA	14.8	302	11471	76490	87961	86.95899319	13.04100681	291.2615894	43509	65288	44452	87961	80854	76046	28746	5531	1738	17582	9622	14917	11302	6350	8707	5233	797	3593	32	15.23026944	68.66042423
2011	5502	LA CALERA	18.9	61	2732	52187	54919	95.02540105	4.974598955	900.3114754	26796	39430	28123	54919	49878	46498	17726	1835	1892	11039	8083	11636	7449	4812	6209	2998	432	2095	18	14.4096064	69.87991995
2011	5503	HIJUELAS	15.1	267	9961	8970	18931	47.38259997	52.61740003	70.90262172	9532	13304	9399	18931	17102	15877	5862	2630	279	2084	2723	4131	1636	1045	1402	1287	189	911	8	14.68531469	70.78477078
2011	5504	LA CRUZ	15.9	78	2619	13333	15952	83.58199599	16.41800401	204.5128205	7730	11611	8222	15952	14556	13613	4832	1578	235	2431	2353	3159	1456	990	1251	1037	168	695	5	16.20057859	67.02025072
2011	5506	NOGALES	16.9	405	2516	23549	26065	90.3472089	9.652791099	64.35802469	12942	18264	13123	26065	23533	21809	7292	1896	571	3557	2130	3884	2155	1024	1556	1151	134	806	3	11.64205039	70.02606429
2011	5601	SAN ANTONIO	18.8	405	4679	94441	99120	95.27945924	4.720540759	244.7407407	48919	72969	50201	99120	90723	85090	32733	2181	2389	21180	8630	15233	12718	5834	8961	5095	881	3643	37	17.29146222	71.50147203
2011	5602	ALGARROBO	5.7	176	3437	9574	13011	73.58389055	26.41610945	73.92613636	6518	9515	6493	13011	11849	11080	3324	300	158	2384	1248	1920	1074	609	834	758	96	570	1	12.66490765	75.19788918
2011	5603	CARTAGENA	19.9	246	2028	22914	24942	91.8691364	8.130863604	101.3902439	12474	18281	12468	24942	22811	21375	6028	456	370	3910	2092	3328	1738	1001	1373	1078	122	853	3	11.31725417	79.12801484
2011	5604	EL QUISCO	12	51	1016	14188	15204	93.31754801	6.682451986	298.1176471	7822	11663	7382	15204	14039	13268	3432	175	235	2493	1436	2288	1475	811	1119	860	89	697	0	10.34883721	81.04651163
2011	5605	EL TABO	8.2	99	663	10702	11365	94.16630004	5.833699956	114.7979798	5753	8813	5612	11365	10550	9989	2460	153	137	1707	914	1593	1015	471	707	582	65	445	4	11.16838488	76.4604811
2011	5606	SANTO DOMINGO	8.4	536	1252	7818	9070	86.19625138	13.80374862	16.92164179	4557	6702	4513	9070	8292	7780	2748	815	132	1497	719	1406	548	244	384	1413	479	626	51	33.8995046	44.30290163
2011	5701	SAN FELIPE	12.7	186	6300	71233	77533	91.87442766	8.125572337	416.844086	37382	55471	40151	77533	70444	65637	25103	3183	2613	16090	6630	11267	8029	3862	5801	4957	827	3515	31	16.68347791	70.90982449
2011	5702	CATEMU	9.8	362	6357	6946	13303	52.21378636	47.78621364	36.74861878	6790	9621	6513	13303	12109	11301	4267	1557	284	1730	2250	3371	1219	772	1045	717	94	501	0	13.11018131	69.87447699
2011	5703	LLAILLAY	16.2	349	6953	16646	23599	70.53688716	29.46311284	67.61891117	11689	17151	11910	23599	21482	20075	8024	2164	656	3844	4348	6322	3891	2571	3304	1238	147	874	7	11.87399031	70.59773829
2011	5704	PANQUEHUE	12.3	122	4481	3027	7508	40.31699521	59.68300479	61.54098361	3690	5375	3818	7508	6799	6334	2467	1101	173	884	1076	1684	843	535	708	451	95	283	2	21.06430155	62.74944568
2011	5705	PUTAENDO	9.9	1474	9430	7745	17175	45.09461426	54.90538574	11.65196744	8590	12460	8585	17175	15657	14638	5069	1251	419	2655	2679	3893	1967	1224	1592	936	108	684	1	11.53846154	73.07692308
2011	5706	SANTA MARÍA	9.2	166	3541	11031	14572	75.69997255	24.30002745	87.78313253	7221	10418	7351	14572	13256	12345	4785	1746	192	2159	1998	3465	1775	958	1411	844	152	582	3	18.00947867	68.95734597
2011	5801	QUILPUÉ	12.5	537	1472	159501	160973	99.08556093	0.914439067	299.7635009	78500	122023	82473	160973	148861	140740	48105	1095	4101	35956	14279	21605	16306	8996	12371	6397	927	4605	25	14.49116773	71.98686884
2011	5802	LIMACHE	11.8	294	4559	40882	45441	89.96721023	10.03278977	154.5612245	22598	33199	22843	45441	41551	38928	14521	2805	986	8672	5682	8809	5856	3306	4582	2516	411	1698	6	16.3354531	67.48807631
2011	5803	OLMUÉ	10.2	232	4079	12023	16102	74.66774314	25.33225686	69.40517241	8110	11824	7992	16102	14711	13785	5169	1173	258	3001	1718	3068	1385	678	1012	859	113	580	2	13.1548312	67.52037253
2011	5804	VILLA ALEMANA	15.6	97	1595	130343	131938	98.79109885	1.208901151	1360.185567	64495	97599	67443	131938	121307	114051	35144	850	2962	26044	9504	14580	11777	6333	8780	3897	515	2870	11	13.21529382	73.64639466
2011	6101	RANCAGUA	11.7	260	10383	237650	248033	95.81386348	4.186136522	953.9730769	123477	180465	124556	248033	227683	213427	84397	9850	7246	56395	19472	31779	25738	12638	17953	11179	2222	7413	126	19.87655425	66.31183469
2011	6102	CODEGUA	10.2	287	5677	6917	12594	54.9229792	45.0770208	43.8815331	6394	9076	6200	12594	11475	10728	4264	1684	350	1755	1840	2782	1402	942	1200	538	110	361	5	20.44609665	67.10037175
2011	6103	COINCO	9.4	98	1600	5587	7187	77.73758174	22.26241826	73.33673469	3622	5268	3565	7187	6609	6203	2126	702	245	870	1043	1522	611	405	516	399	58	300	0	14.53634085	75.18796992
2011	6104	COLTAUCO	14.1	225	2950	14596	17546	83.18705118	16.81294882	77.98222222	8811	12767	8735	17546	16100	15131	5673	2280	464	2291	2042	3536	1460	830	1174	984	160	652	12	16.2601626	66.2601626
2011	6105	DOÑIHUE	15.4	78	765	19446	20211	96.21493246	3.785067537	259.1153846	10276	14521	9935	20211	18443	17246	6076	1046	1412	2951	2275	3715	1908	1100	1530	899	147	627	7	16.35150167	69.74416018
2011	6106	GRANEROS	12.7	113	3244	27428	30672	89.42357851	10.57642149	271.4336283	15520	21999	15152	30672	28007	26205	10006	2421	1256	4919	3903	5836	3377	2062	2711	1309	231	915	5	17.64705882	69.90068755
2011	6107	LAS CABRAS	8.7	749	18543	5049	23592	21.40132248	78.59867752	31.49799733	12435	17395	11157	23592	21675	20352	7334	2950	300	3082	3403	5427	2195	1365	1860	1564	240	1074	16	15.34526854	68.67007673
2011	6108	MACHALÍ	17.8	2586	1855	33510	35365	94.75470098	5.245299024	13.67556071	16770	24450	18595	35365	32016	29672	10920	1862	786	7080	5093	6688	3951	2783	3371	1494	271	1016	2	18.13922356	68.00535475
2011	6109	MALLOA	11.3	113	8579	5177	13756	37.63448677	62.36551323	121.7345133	7054	10022	6702	13756	12585	11793	4528	1534	747	1611	1746	2860	1070	581	824	831	132	610	2	15.88447653	73.4055355
2011	6110	MOSTAZAL	12.2	524	5082	21589	26671	80.94559634	19.05440366	50.89885496	13396	19076	13275	26671	24279	22659	8599	2032	1021	4479	2214	3920	2324	1228	1740	4880	829	3446	26	16.98770492	70.6147541
2011	6111	OLIVAR	12.7	45	8185	5796	13981	41.45626207	58.54373793	310.6888889	6854	9628	7127	13981	12588	11651	4708	1484	481	2196	1536	2410	1175	650	917	782	196	479	11	25.06393862	61.25319693
2011	6112	PEUMO	14.7	153	8929	6466	15395	42.00064956	57.99935044	100.620915	7924	11219	7471	15395	14139	13252	5137	1939	515	2177	2409	3457	1504	1026	1306	866	123	633	4	14.20323326	73.09468822
2011	6113	PICHIDEGUA	11.9	320	12997	6252	19249	32.47960933	67.52039067	60.153125	9930	14314	9319	19249	17778	16740	6091	2768	304	2000	1903	3674	1316	617	947	1430	166	1044	9	11.60839161	73.00699301
2011	6114	QUINTA DE TILCOCO	9.3	93	7060	5042	12102	41.66253512	58.33746488	130.1290323	6171	9086	5931	12102	11174	10548	4175	1835	372	1405	1801	2888	1110	647	899	6752	1627	4240	96	24.09656398	62.79620853
2011	6115	RENGO	12.3	592	16392	44465	60857	73.0647255	26.9352745	102.7989865	30415	43406	30442	60857	55423	51745	19152	4410	2416	9676	6336	10478	6426	3466	4984	2702	490	1883	20	18.13471503	69.68911917
2011	6116	REQUINOA	10.2	673	14519	11433	25952	44.05440814	55.94559186	38.56166419	13250	18405	12702	25952	23643	22067	8796	3181	1051	3713	1901	3822	1698	675	1179	1375	313	872	16	22.76363636	63.41818182
2011	6117	SAN VICENTE	7.4	476	16990	30182	47172	63.98287119	36.01712881	99.10084034	23515	34204	23657	47172	43332	40583	14619	4263	1476	6895	5674	8985	4606	2551	3615	3496	462	2520	2	13.21510297	72.08237986
2011	6201	PICHILEMU	17.6	749	2994	11949	14943	79.96386268	20.03613732	19.9506008	7845	11171	7098	14943	13766	12962	4424	1285	279	2340	2165	3135	1513	914	1226	1227	90	1016	2	7.334963325	82.80358598
2011	6202	LA ESTRELLA	15.7	435	1733	3040	4773	63.69159858	36.30840142	10.97241379	3186	3836	1587	4773	4525	4342	1138	289	46	654	433	737	278	165	227	234	37	155	1	15.81196581	66.23931624
2011	6203	LITUECHE	15.7	619	2806	2800	5606	49.94648591	50.05351409	9.056542811	3018	4133	2588	5606	5162	4847	1833	531	110	927	1016	1566	733	431	614	325	35	263	0	10.76923077	80.92307692
2011	6204	MARCHIHUE	7.8	660	4442	3325	7767	42.80932149	57.19067851	11.76818182	3938	5821	3829	7767	7191	6785	2434	992	295	933	898	1558	574	309	450	479	84	338	0	17.53653445	70.56367432
2011	6205	NAVIDAD	10.1	300	4878	590	5468	10.79005121	89.20994879	18.22666667	2947	4334	2521	5468	5116	4873	1406	312	61	783	1024	1487	565	328	437	262	28	215	0	10.6870229	82.0610687
2011	6206	PAREDONES	16.7	562	4788	2017	6805	29.63997061	70.36002939	12.10854093	3812	5259	2993	6805	6344	6014	1904	676	75	819	1274	1791	532	359	462	359	32	292	0	8.913649025	81.33704735
2011	6301	SAN FERNANDO	14.2	2441	15972	57273	73245	78.19373336	21.80626664	30.00614502	35860	53032	37385	73245	67229	62961	24892	3874	2561	15464	7225	11809	8006	4301	6125	1037	202	717	20	19.47926712	69.14175506
2011	6302	CHÉPICA	15.6	503	7910	5860	13770	42.55628177	57.44371823	27.37574553	7112	10434	6658	13770	12772	12076	4461	2045	143	1582	1964	3319	1280	690	1019	1094	133	807	0	12.15722121	73.76599634
2011	6303	CHIMBARONGO	18.1	498	13679	20923	34602	60.46760303	39.53239697	69.48192771	17705	25032	16897	34602	31730	29736	11969	5508	982	4064	3618	6248	2570	1401	2057	2570	323	1883	6	12.56809339	73.26848249
2011	6304	LOLOL	16.7	597	4724	1880	6604	28.4675954	71.5324046	11.06197655	3603	5043	3001	6604	6149	5819	2030	881	137	700	1025	1726	606	322	472	434	59	321	1	13.59447005	73.96313364
2011	6305	NANCAGUA	13.9	111	9270	8060	17330	46.50894403	53.49105597	156.1261261	8885	12529	8445	17330	15882	14872	5483	2069	439	2039	2080	3468	1563	832	1217	1153	175	841	1	15.17779705	72.94015611
2011	6306	PALMILLA	9.1	237	8195	3491	11686	29.87335273	70.12664727	49.30801688	6060	8799	5626	11686	10800	10197	3816	1523	517	1190	1538	2592	822	490	681	984	103	723	3	10.46747967	73.47560976
2011	6307	PERALILLO	19.5	283	4984	5524	10508	52.56947088	47.43052912	37.13074205	5488	7918	5020	10508	9728	9180	3333	1100	540	1311	1547	2610	1224	685	968	829	117	595	2	14.11338963	71.77322075
2011	6308	PLACILLA	15.6	147	6706	1802	8508	21.18006582	78.81993418	57.87755102	4334	6277	4174	8508	7832	7368	2929	1314	308	883	1083	1797	730	389	569	662	121	446	1	18.27794562	67.37160121
2011	6309	PUMANQUE	11.4	441	3122	0	3122	0	100	7.079365079	1621	2420	1501	3122	2918	2767	1050	395	75	391	374	718	299	138	220	219	18	151	0	8.219178082	68.94977169
2011	6310	SANTA CRUZ	15	420	18970	17721	36691	48.29794773	51.70205227	87.35952381	18472	26873	18219	36691	33770	31671	11709	2612	938	6570	5656	8337	4282	2730	3558	3007	468	2121	15	15.56368474	70.53541736
2011	7101	TALCA	19.3	232	11524	234740	246264	95.32046909	4.67953091	1061.482759	119883	177947	126381	246264	225581	211330	78055	3775	8560	53388	24199	36849	23353	13584	18324	13410	2205	9266	85	16.44295302	69.09768829
2011	7102	CONSTITUCIÓN	19.4	1344	13702	40744	54446	74.83378026	25.16621974	40.51041667	27521	37849	26925	54446	49102	45522	17230	3615	3165	8618	4421	7642	3404	1709	2530	2596	596	1695	24	22.95839753	65.29275809
2011	7103	CUREPTO	13	1074	5224	4305	9529	45.17787806	54.82212194	8.872439479	5172	7410	4357	9529	8885	8425	3686	1574	197	1436	1637	2566	922	431	676	421	37	340	0	8.788598575	80.76009501
2011	7104	EMPEDRADO	33.8	565	1830	2197	4027	54.55674199	45.44325801	7.127433628	2078	2833	1949	4027	3624	3359	1423	602	154	471	917	1232	336	238	296	182	46	120	0	25.27472527	65.93406593
2011	7105	MAULE	18.9	238	8429	13100	21529	60.8481583	39.1518417	90.45798319	11055	15209	10474	21529	19551	18212	5735	1915	700	2058	7039	9236	4662	3450	4184	1553	186	1140	4	11.97681906	73.40631037
2011	7106	PELARCO	22.1	332	4122	2832	6954	40.72476273	59.27523727	20.94578313	3508	5239	3446	6954	6416	6055	2300	1162	74	591	1352	1975	586	353	503	572	65	382	2	11.36363636	66.78321678
2011	7107	PENCAHUE	6.6	957	6099	3035	9134	33.22750164	66.77249836	9.544409613	4971	6716	4163	9134	8373	7842	3152	1781	171	761	1795	2346	775	553	703	528	94	351	1	17.8030303	66.47727273
2011	7108	RÍO CLARO	17.8	431	9841	3177	13018	24.40467046	75.59532954	30.20417633	6777	9546	6241	13018	11942	11201	4681	2784	178	1071	1923	3222	957	547	763	765	75	515	0	9.803921569	67.32026144
2011	7109	SAN CLEMENTE	15.6	4504	30692	8382	39074	21.45160465	78.54839535	8.675399645	19355	27866	19719	39074	35518	33097	12480	4965	435	4125	10358	12542	4173	3444	3948	2345	294	1663	5	12.53731343	70.91684435
2011	7110	SAN RAFAEL	26.8	264	3983	4455	8438	52.7968713	47.2031287	31.96212121	4247	5937	4191	8438	7627	7079	2488	904	162	944	1310	2098	723	408	572	497	41	359	3	8.249496982	72.2334004
2011	7201	CAUQUENES	29.2	2126	12985	29891	42876	69.71499207	30.28500793	20.16745061	20864	31656	22012	42876	39588	37195	13757	2874	1480	7167	6296	9830	5890	3224	4609	2842	340	2140	2	11.96340605	75.29908515
2011	7202	CHANCO	21.2	530	5253	4332	9585	45.19561815	54.80438185	18.08490566	4958	6987	4627	9585	8787	8216	2786	1028	312	1071	1692	2408	825	500	664	429	43	330	1	10.02331002	76.92307692
2011	7203	PELLUHUE	28.3	371	1254	6594	7848	84.02140673	15.97859327	21.15363881	4210	5975	3638	7848	7219	6814	1963	600	92	1059	1262	1773	624	364	487	469	50	363	1	10.66098081	77.39872068
2011	7301	CURICÓ	21.7	1328	23761	117236	140997	83.14786839	16.85213161	106.1724398	69098	103284	71899	140997	129368	121452	49393	8898	5284	29151	14576	23859	15060	8348	11615	9932	1902	6655	79	19.15022151	67.00563834
2011	7302	HUALAÑÉ	31.6	629	4987	5325	10312	51.63886734	48.36113266	16.39427663	5419	7768	4893	10312	9557	9022	3317	1219	219	1283	2078	2840	1051	702	908	729	108	494	0	14.81481481	67.76406036
2011	7303	LICANTÉN	15.7	273	3695	3924	7619	51.50282189	48.49717811	27.90842491	4006	5653	3613	7619	7003	6583	2571	591	375	1273	1052	1586	594	339	457	496	51	391	0	10.28225806	78.83064516
2011	7304	MOLINA	24.1	1552	14742	27849	42591	65.3870536	34.6129464	27.44265464	21390	31492	21201	42591	39254	36916	15144	4760	2174	6500	6853	10585	5729	3601	4775	2273	331	1656	9	14.56225253	72.85525737
2011	7305	RAUCO	15.1	309	5247	4386	9633	45.53098723	54.46901277	31.17475728	4843	7166	4790	9633	8868	8343	2991	1417	119	909	1982	2627	1033	717	919	560	71	386	0	12.67857143	68.92857143
2011	7306	ROMERAL	11.3	1597	11525	2963	14488	20.45140806	79.54859194	9.072010019	7413	10690	7075	14488	13295	12485	5071	2374	472	1650	2585	3743	1392	965	1244	1352	260	872	19	19.23076923	64.49704142
2011	7307	SAGRADA FAMILIA	15.8	549	11634	6952	18586	37.40449801	62.59550199	33.85428051	9511	13796	9075	18586	17115	16092	6546	3371	615	1650	2550	4043	1345	783	1101	1123	200	763	6	17.809439	67.9430098
2011	7308	TENO	15.1	618	16867	10956	27823	39.37749344	60.62250656	45.0210356	14278	20164	13545	27823	25452	23823	9651	4619	741	3087	4516	6914	2890	1890	2447	2009	305	1355	5	15.18168243	67.44649079
2011	7309	VICHUQUÉN	15.6	426	3292	1661	4953	33.53523117	66.46476883	11.62676056	2594	3711	2359	4953	4561	4291	1748	457	54	962	833	1174	323	213	275	317	58	219	2	18.29652997	69.0851735
2011	7401	LINARES	27	1466	19818	71254	91072	78.23919536	21.76080464	62.12278308	44571	66390	46501	91072	83686	78529	30405	4032	2618	18751	12121	18581	11227	6565	8924	5739	818	4096	25	14.25335424	71.37131905
2011	7402	COLBÚN	15.4	2900	11612	6958	18570	37.46903608	62.53096392	6.403448276	9303	13408	9267	18570	16963	15861	5691	2263	327	2155	4417	5914	2267	1734	2086	1140	103	820	2	9.035087719	71.92982456
2011	7403	LONGAVÍ	14.4	1454	19689	9097	28786	31.60216772	68.39783228	19.79779917	14817	21260	13969	28786	26442	24841	9323	4457	347	3042	4649	7230	2187	1215	1771	2387	204	1777	1	8.546292417	74.44490993
2011	7404	PARRAL	26.6	1638	14510	23226	37736	61.54865381	38.45134619	23.03785104	18907	27841	18829	37736	34774	32675	13161	3063	1018	6887	6667	9408	4169	2739	3576	3422	397	2571	9	11.60140269	75.13150205
2011	7405	RETIRO	25.5	827	12603	4812	17415	27.63135228	72.36864772	21.05804111	8872	12777	8543	17415	16050	15066	5874	3208	237	1563	3537	5214	1604	1011	1360	1935	155	1498	1	8.010335917	77.41602067
2011	7406	SAN JAVIER	23.7	1313	20608	20128	40736	49.41084053	50.58915947	31.02513328	20131	29713	20605	40736	37423	35109	13333	3484	1495	6396	5245	8618	3719	1979	2824	2744	351	2061	12	12.79154519	75.10932945
2011	7407	VILLA ALEGRE	17.9	190	8382	6228	14610	42.62833676	57.37166324	76.89473684	7183	10888	7427	14610	13485	12700	5088	1790	449	1976	2865	4340	1865	1183	1575	938	131	656	1	13.96588486	69.93603412
2011	7408	YERBAS BUENAS	9.7	262	15120	1994	17114	11.65127965	88.34872035	65.32061069	8802	12456	8312	17114	15682	14696	5598	3058	258	1558	3306	4654	1387	926	1204	1240	123	958	2	9.919354839	77.25806452
2011	8101	CONCEPCIÓN	14.1	222	6190	222979	229169	97.29893659	2.701063407	1032.292793	110925	173478	118244	229169	212338	201196	83816	2333	8873	61540	14046	23272	17834	8357	12175	18963	4435	11720	186	23.38764963	61.80456679
2011	8102	CORONEL	26.1	279	5789	103836	109625	94.71927024	5.280729761	392.921147	54132	79024	55493	109625	100239	93816	31538	3997	5099	17361	14597	21779	12320	7884	10006	4034	624	2861	51	15.4685176	70.92216163
2011	8103	CHIGUAYANTE	18.4	72	0	123708	123708	100	0	1718.166667	57906	88570	65802	123708	112957	105653	30818	821	3735	21775	7983	12515	8053	4584	6198	2924	404	2161	8	13.81668947	73.90560876
2011	8104	FLORIDA	19	609	5784	3982	9766	40.77411427	59.22588573	16.03612479	4884	7381	4882	9766	9059	8559	2959	1149	151	1208	1686	2400	846	485	680	349	51	250	0	14.61318052	71.63323782
2011	8105	HUALQUI	26.8	531	3082	19487	22569	86.34410031	13.65589969	42.50282486	11010	15998	11559	22569	20456	19022	6011	1114	542	3348	3400	5104	2536	1533	2069	714	77	578	2	10.78431373	80.95238095
2011	8106	LOTA	29.3	136	0	47542	47542	100	0	349.5735294	23294	34883	24248	47542	43671	41030	15523	1478	2133	9058	7398	11356	6691	3787	5240	1606	182	1231	4	11.33250311	76.65006227
2011	8107	PENCO	27	108	1078	52479	53557	97.98719122	2.012808783	495.8981481	26044	39351	27513	53557	49190	46175	16499	889	1911	11097	6634	10150	6074	3684	4815	1544	227	1165	9	14.70207254	75.45336788
2011	8108	SAN PEDRO DE LA PAZ	14.1	113	351	97241	97592	99.64033937	0.359660628	863.6460177	46724	69288	50868	97592	88740	82792	30741	1651	3785	21017	9869	15138	9407	5671	7551	4451	837	3012	35	18.80476297	67.67018647
2011	8109	SANTA JUANA	22.6	731	5461	7960	13421	59.31003651	40.68996349	18.35978112	6609	9889	6812	13421	12316	11571	3540	1250	160	1604	2675	3549	1653	1087	1369	395	64	305	1	16.20253165	77.21518987
2011	8110	TALCAHUANO	17.1	92	608	171016	171624	99.64573719	0.354262807	1865.478261	85138	128724	86486	171624	158549	149688	57352	5310	7781	35724	14259	23364	18416	9270	12933	7116	1340	4940	74	18.83080382	69.42102305
2011	8111	TOMÉ	24	495	7417	48810	56227	86.8088285	13.1911715	113.589899	26925	41404	29302	56227	51732	48610	17922	2698	2261	9677	6368	10689	6128	3027	4505	2231	206	1667	4	9.233527566	74.71985657
2011	8112	HUALPÉN	17.5	54	1153	83957	85110	98.64528258	1.354717425	1576.111111	42358	65753	42752	85110	79083	75090	32152	1367	4480	21457	13162	19775	13910	8237	10834	2447	362	1847	20	14.79362485	75.48017981
2011	8201	LEBU	35.9	561	2439	23340	25779	90.53881066	9.46118934	45.95187166	12692	17856	13087	25779	23250	21527	7844	2506	509	3821	3830	5745	2768	1698	2252	901	167	655	2	18.53496115	72.69700333
2011	8202	ARAUCO	18.1	956	10538	31854	42392	75.14153614	24.85846386	44.34309623	21628	29778	20764	42392	38337	35583	12015	3313	1774	5534	5665	8233	3095	1942	2562	1775	265	1224	13	14.92957746	68.95774648
2011	8203	CAÑETE	25.4	760	11656	22201	33857	65.57285052	34.42714948	44.54868421	16646	23644	17211	33857	30589	28382	9564	2576	553	4858	5134	6967	2733	1850	2379	1732	249	1312	2	14.37644342	75.75057737
2011	8204	CONTULMO	23.1	962	2556	2476	5032	49.20508744	50.79491256	5.230769231	2519	3635	2513	5032	4577	4272	1762	632	77	748	1234	1689	677	470	596	240	28	189	0	11.66666667	78.75
2011	8205	CURANILAHUE	30.5	994	1572	28854	30426	94.8333662	5.1666338	30.60965795	15157	21572	15269	30426	27655	25753	10383	2499	1226	5331	4187	7236	3176	1745	2409	1376	201	1042	6	14.60755814	75.72674419
2011	8206	LOS ÁLAMOS	31.6	599	2040	19028	21068	90.31706854	9.68293146	35.17195326	10760	14378	10308	21068	18930	17476	5733	1538	801	2529	3238	4729	1871	1235	1608	688	86	534	3	12.5	77.61627907
2011	8207	TIRÚA	24.9	624	7433	3630	11063	32.81207629	67.18792371	17.72916667	5731	7365	5332	11063	9817	8983	2168	743	65	997	2442	2873	871	697	813	358	48	288	1	13.40782123	80.44692737
2011	8301	LOS ÁNGELES	22.4	1748	51271	150206	201477	74.5524303	25.4475697	115.2614416	99334	142494	102143	201477	183173	170711	61068	7974	7603	37875	19446	32189	15864	8291	11823	11225	2049	7373	80	18.25389755	65.68374165
2011	8302	ANTUCO	29.4	1884	1499	2226	3725	59.75838926	40.24161074	1.977176221	1866	2669	1859	3725	3415	3192	1017	112	54	605	694	1084	460	284	399	131	10	109	0	7.633587786	83.20610687
2011	8303	CABRERO	26.1	640	8728	21644	30372	71.2630054	28.7369946	47.45625	15209	21220	15163	30372	27425	25449	8246	1563	1803	3739	3115	5412	2320	1273	1839	1245	176	934	4	14.13654618	75.02008032
2011	8304	LAJA	21	340	7295	13215	20510	64.4319844	35.5680156	60.32352941	10029	14747	10481	20510	18768	17539	6846	569	1333	3813	3011	4685	1965	1075	1513	892	124	634	2	13.90134529	71.07623318
2011	8305	MULCHÉN	21.5	1925	6189	22074	28263	78.1021123	21.8978877	14.68207792	14055	19991	14208	28263	25602	23833	9179	2730	722	4168	4060	6397	3211	1933	2643	1354	188	904	1	13.88478582	66.76514032
2011	8306	NACIMIENTO	25.5	935	4701	21315	26016	81.93035055	18.06964945	27.82459893	12940	18429	13076	26016	23574	21969	8138	1307	1638	3969	3571	5548	2496	1486	2001	1088	174	779	5	15.99264706	71.59926471
2011	8307	NEGRETE	27.5	157	2735	6214	8949	69.43792603	30.56207397	57	4643	6323	4306	8949	8127	7572	2624	795	278	1015	1462	2268	910	517	746	417	50	287	1	11.99040767	68.82494005
2011	8308	QUILACO	27	1124	1843	1809	3652	49.53450164	50.46549836	3.24911032	1874	2790	1778	3652	3388	3211	1108	306	31	497	823	1136	478	320	415	150	9	117	0	6	78
2011	8309	QUILLECO	24.9	1122	3519	6831	10350	66	34	9.22459893	5332	7485	5018	10350	9446	8831	2962	1038	179	1103	1540	2426	763	438	621	338	33	257	0	9.763313609	76.03550296
2011	8310	SAN ROSENDO	25.8	92	573	2967	3540	83.81355932	16.18644068	38.47826087	1686	2566	1854	3540	3252	3052	1017	86	89	647	697	987	486	309	401	87	5	69	0	5.747126437	79.31034483
2011	8311	SANTA BÁRBARA	30.8	1255	6532	8299	14831	55.95711685	44.04288315	11.81752988	7446	10625	7385	14831	13542	12627	3722	889	131	2026	2391	3340	1287	812	1095	697	75	532	2	10.76040172	76.32711621
2011	8312	TUCAPEL	21.4	915	3753	9783	13536	72.27393617	27.72606383	14.79344262	6766	9984	6770	13536	12430	11677	3957	857	509	1874	2514	3875	2222	1423	1851	591	55	483	3	9.306260575	81.72588832
2011	8313	YUMBEL	23.1	727	9965	10539	20504	51.39972688	48.60027312	28.20357634	10415	15466	10089	20504	18996	17922	6061	1664	593	2892	2756	4665	2073	1009	1538	733	93	536	2	12.68758527	73.12414734
2011	8314	ALTO BIOBÍO	44.6	2125	8642	2102	10744	19.56440804	80.43559196	5.056	7598	8608	3146	10744	9898	9424	2763	347	53	2119	1579	1691	391	353	374	70	4	50	0	5.714285714	71.42857143
2011	8401	CHILLÁN	16.9	511	15094	162494	177588	91.50055184	8.499448161	347.5303327	85131	131119	92457	177588	163760	154008	60602	3707	5109	42611	20333	31133	18834	10771	14683	10719	1886	7358	48	17.5949249	68.6444631
2011	8402	BULNES	23.1	425	6900	14737	21637	68.11018163	31.88981837	50.91058824	10693	15734	10944	21637	19840	18594	6401	1579	605	3129	3508	5301	2377	1420	1936	1175	154	820	6	13.10638298	69.78723404
2011	8403	COBQUECURA	25.9	570	3108	1963	5071	38.71031355	61.28968645	8.896491228	2750	3985	2321	5071	4738	4507	1524	663	74	600	1210	1545	522	345	446	156	21	119	0	13.46153846	76.28205128
2011	8404	COELEMU	23.9	342	6657	8609	15266	56.39329228	43.60670772	44.6374269	7573	11665	7693	15266	14150	13408	5397	1256	722	2676	2163	3580	1524	691	1069	946	120	736	4	12.68498943	77.8012685
2011	8405	COIHUECO	27.1	1777	17202	7615	24817	30.68461136	69.31538864	13.96567248	12925	17628	11892	24817	22537	20994	7221	3384	258	2180	3801	5783	1685	987	1375	1323	204	956	3	15.41950113	72.26001512
2011	8406	CHILLÁN VIEJO	21.4	292	3736	27036	30772	87.85909268	12.14090732	105.3835616	15259	20883	15513	30772	27677	25439	7605	696	872	4834	3826	5686	3294	2062	2696	827	129	590	8	15.59854897	71.34220073
2011	8407	EL CARMEN	23.9	664	6616	4943	11559	42.76321481	57.23678519	17.40813253	5857	8416	5702	11559	10567	9886	3673	1955	156	1152	2795	3463	987	689	889	717	90	525	0	12.55230126	73.22175732
2011	8408	NINHUE	25.3	401	3385	1778	5163	34.43734263	65.56265737	12.87531172	2541	3794	2622	5163	4771	4470	1390	488	66	571	1180	1609	513	351	452	180	8	144	0	4.444444444	80
2011	8409	ÑIQUÉN	11.5	493	9144	609	9753	6.244232544	93.75576746	19.78296146	4896	7392	4857	9753	9054	8540	3299	1604	150	794	2154	2998	771	485	670	792	40	638	0	5.050505051	80.55555556
2011	8410	PEMUCO	26.3	563	5335	3794	9129	41.55986417	58.44013583	16.21492007	4714	6700	4415	9129	8434	7944	2318	589	80	812	1836	2398	969	677	859	370	37	280	1	10	75.67567568
2011	8411	PINTO	20.8	1164	7431	3644	11075	32.90293454	67.09706546	9.514604811	5621	8139	5454	11075	10172	9550	2858	849	144	1402	1821	2625	940	584	773	677	88	514	0	12.9985229	75.92319055
2011	8412	PORTEZUELO	26.3	282	3245	1703	4948	34.41794665	65.58205335	17.54609929	2521	3594	2427	4948	4553	4258	1396	558	120	538	1008	1425	487	278	416	200	15	165	0	7.5	82.5
2011	8413	QUILLÓN	22.7	423	5455	10085	15540	64.8970399	35.1029601	36.73758865	7789	11791	7751	15540	14415	13629	4438	1331	309	1886	2941	4249	2063	1254	1676	874	87	699	3	9.95423341	79.9771167
2011	8414	QUIRIHUE	25	589	3407	8498	11905	71.38177236	28.61822764	20.21222411	6186	8976	5719	11905	11031	10413	3591	1076	200	1712	2914	3708	1763	1257	1570	514	64	370	2	12.45136187	71.9844358
2011	8415	RÁNQUIL	17.5	248	3951	864	4815	17.94392523	82.05607477	19.41532258	2385	3783	2430	4815	4516	4312	1591	651	122	516	914	1502	615	317	465	318	13	272	3	4.088050314	85.53459119
2011	8416	SAN CARLOS	20	874	19429	31969	51398	62.19891825	37.80108175	58.80778032	25737	37958	25661	51398	47397	44606	16548	3550	1638	8412	10204	13386	5532	3987	4989	3768	426	2797	5	11.30573248	74.23036093
2011	8417	SAN FABIÁN	23.7	1568	2126	1355	3481	38.92559609	61.07440391	2.22002551	1897	2608	1584	3481	3195	3022	1072	327	58	507	877	1165	476	346	431	220	19	176	2	8.636363636	80
2011	8418	SAN IGNACIO	26.8	364	6290	9332	15622	59.73626936	40.26373064	42.91758242	7832	11406	7790	15622	14370	13472	4442	2300	169	1240	3034	4171	1348	872	1161	825	106	612	0	12.84848485	74.18181818
2011	8419	SAN NICOLÁS	20.9	491	6361	3705	10066	36.80707332	63.19292668	20.50101833	5091	7509	4975	10066	9297	8755	3034	1046	271	1179	2340	3060	1000	746	931	490	40	385	0	8.163265306	78.57142857
2011	8420	TREGUACO	23.7	313	3247	1663	4910	33.86965377	66.13034623	15.68690096	2483	3658	2427	4910	4508	4236	1385	460	206	457	1024	1502	517	316	448	169	14	129	1	8.284023669	76.33136095
2011	8421	YUNGAY	21.3	824	5524	12958	18482	70.1114598	29.8885402	22.42961165	9509	13752	8973	18482	17006	16019	5545	926	1362	2560	2715	3995	1820	1141	1522	883	122	648	2	13.81653454	73.38618347
2011	9101	TEMUCO	21.2	464	20709	288645	309354	93.30572742	6.694272581	666.7112069	149640	223373	159714	309354	282752	265063	93277	3171	7428	68851	25326	39339	25627	13587	18865	17071	3295	11303	119	19.30173979	66.21170406
2011	9102	CARAHUE	32.5	1341	14773	10784	25557	42.19587589	57.80412411	19.05816555	13079	17835	12478	25557	23084	21396	7064	2448	350	3340	5157	6353	2630	1937	2381	1000	109	790	0	10.9	79
2011	9103	CUNCO	27.8	1907	11490	7496	18986	39.48172338	60.51827662	9.955951757	9086	13628	9900	18986	17342	16222	5118	1724	240	2157	2679	4083	1478	839	1215	803	96	586	3	11.95516812	72.97633873
2011	9104	CURARREHUE	23.3	1171	5996	1664	7660	21.7232376	78.2767624	6.541417592	4108	5126	3552	7660	6798	6242	1801	476	87	908	1783	2204	803	611	734	252	17	205	0	6.746031746	81.34920635
2011	9105	FREIRE	31.6	935	17591	10314	27905	36.96111808	63.03888192	29.84491979	14569	19930	13336	27905	25421	23703	8212	3518	557	2869	5113	7285	3118	2014	2607	1018	147	677	5	14.44007859	66.50294695
2011	9106	GALVARINO	25.7	568	8436	2545	10981	23.17639559	76.82360441	19.33274648	5590	7796	5391	10981	9945	9242	3083	1153	168	1243	3037	3637	1086	826	994	316	66	222	1	20.88607595	70.25316456
2011	9107	GORBEA	27	695	6397	9074	15471	58.65167087	41.34832913	22.26043165	7701	11642	7770	15471	14245	13459	4786	1387	391	2107	2786	3929	1855	1154	1547	908	140	624	3	15.4185022	68.72246696
2011	9108	LAUTARO	30.8	901	12124	23805	35929	66.25567091	33.74432909	39.87680355	17879	25344	18050	35929	32662	30428	9697	1649	845	5535	5486	7985	3522	2119	2853	1616	243	1143	19	15.03712871	70.73019802
2011	9109	LONCOCHE	36.5	977	7891	13976	21867	63.91365985	36.08634015	22.38178096	10847	15792	11020	21867	19962	18658	7061	1385	914	3304	4675	6154	2832	2020	2529	1008	99	776	0	9.821428571	76.98412698
2011	9110	MELIPEUCO	28	1107	3538	1884	5422	34.74732571	65.25267429	4.897922313	2718	3984	2704	5422	4968	4642	1374	392	111	554	1382	1680	602	462	542	173	13	143	0	7.514450867	82.65895954
2011	9111	NUEVA IMPERIAL	28.4	733	12869	19532	32401	60.28209006	39.71790994	44.20327422	16541	23380	15860	32401	29653	27735	9571	3175	550	4504	6029	7850	3418	2222	2840	1205	118	929	3	9.79253112	77.09543568
2011	9112	PADRE LAS CASAS	28.4	401	36561	38233	74794	51.11773672	48.88226328	186.5187032	37572	52561	37222	74794	67681	62909	20234	2441	1914	12378	10005	14110	6614	4044	5407	1842	240	1365	14	13.02931596	74.10423453
2011	9113	PERQUENCO	32.1	331	4828	2131	6959	30.62221584	69.37778416	21.02416918	3577	4940	3382	6959	6325	5893	1854	658	222	650	1148	1612	625	389	517	284	66	185	0	23.23943662	65.14084507
2011	9114	PITRUFQUÉN	20.3	581	9049	14990	24039	62.3570032	37.6429968	41.37521515	11845	17693	12194	24039	22118	20763	7018	1313	565	4029	3994	5779	2843	1708	2320	1165	163	809	4	13.99141631	69.44206009
2011	9115	PUCÓN	20.3	1249	16848	15313	32161	47.61356923	52.38643077	25.74939952	16427	22376	15734	32161	28762	26698	7655	726	439	5331	3101	4651	2139	1270	1726	1846	207	1418	4	11.21343445	76.81473456
2011	9116	SAAVEDRA	32.6	401	8990	4315	13305	32.43141676	67.56858324	33.17955112	6786	9726	6519	13305	12150	11370	3323	1170	115	1603	3431	3917	1292	1021	1175	343	42	258	0	12.24489796	75.21865889
2011	9117	TEODORO SCHMIDT	29.5	650	7392	8401	15793	53.19445324	46.80554676	24.29692308	8185	11880	7608	15793	14516	13654	4711	2193	137	1853	3980	4839	1638	1246	1483	695	94	497	1	13.52517986	71.51079137
2011	9118	TOLTÉN	34.1	860	3716	6458	10174	63.47552585	36.52447415	11.83023256	5230	7257	4944	10174	9220	8572	3569	1675	132	1351	2336	2876	1006	708	869	403	59	295	0	14.64019851	73.20099256
2011	9119	VILCÚN	24.1	1421	15392	8560	23952	35.73814295	64.26185705	16.8557354	12122	16846	11830	23952	21682	20140	6805	2023	406	3004	4036	5971	2490	1474	1996	1090	153	778	6	14.03669725	71.37614679
2011	9120	VILLARRICA	22.3	1291	20693	37698	58391	64.56131938	35.43868062	45.22927963	29147	40451	29244	58391	52745	48876	15244	1850	1581	9501	8541	12007	6485	4194	5443	3222	417	2411	9	12.94227188	74.82929857
2011	9121	CHOLCHOL	33.4	428	6083	4843	10926	44.3254622	55.6745378	25.52803738	5495	7196	5431	10926	9842	9034	2856	1580	102	881	2970	3319	1164	1004	1113	146	13	114	0	8.904109589	78.08219178
2011	9201	ANGOL	37.6	1194	5301	45942	51243	89.65517241	10.34482759	42.91708543	24546	36747	26697	51243	46940	43906	16426	2591	1214	9959	6422	10074	5719	3033	4332	2497	319	1847	13	12.7753304	73.96876252
2011	9202	COLLIPULLI	35.6	1296	5833	15586	21419	72.76716934	27.23283066	16.52700617	10391	15242	11028	21419	19473	18158	6684	1532	414	3231	3801	5633	2612	1503	2086	1004	116	772	4	11.55378486	76.89243028
2011	9203	CURACAUTÍN	34.4	1664	4867	10509	15376	68.34677419	31.65322581	9.240384615	7394	11358	7982	15376	14161	13315	5439	1079	330	2840	3562	4868	2184	1498	1883	1178	105	902	0	8.913412564	76.5704584
2011	9204	ERCILLA	35.6	500	7195	1900	9095	20.89059923	79.10940077	18.19	4640	6227	4455	9095	8167	7552	1974	600	62	838	1854	2333	877	582	732	216	28	160	1	12.96296296	74.07407407
2011	9205	LONQUIMAY	30.5	3914	7638	3844	11482	33.47848807	66.52151193	2.933571794	6235	7777	5247	11482	10310	9496	2981	930	86	1475	2550	3020	1145	877	1016	386	36	315	0	9.32642487	81.60621762
2011	9206	LOS SAUCES	35.7	850	3519	2719	6238	43.58768836	56.41231164	7.338823529	3081	4533	3157	6238	5692	5324	2093	715	65	929	1287	1907	745	422	587	340	55	253	1	16.17647059	74.41176471
2011	9207	LUMACO	36.8	1119	6245	3977	10222	38.90628057	61.09371943	9.134941912	5466	7364	4756	10222	9273	8652	3495	1680	128	1278	2009	2468	706	507	618	355	57	260	2	16.05633803	73.23943662
2011	9208	PURÉN	36.5	465	5303	6192	11495	53.86689865	46.13310135	24.72043011	5693	8227	5802	11495	10472	9764	3619	1044	211	1645	2795	3420	1389	1030	1264	602	99	467	1	16.44518272	77.57475083
2011	9209	RENAICO	33.1	267	1254	7717	8971	86.02162524	13.97837476	33.59925094	4306	6604	4665	8971	8221	7713	2788	779	165	1260	1657	2484	939	559	790	411	46	315	0	11.19221411	76.64233577
2011	9210	TRAIGUÉN	31.2	908	5449	12542	17991	69.71263409	30.28736591	19.81387665	8913	13072	9078	17991	16593	15575	6005	1295	377	3245	3004	4419	2360	1327	1813	1001	139	707	1	13.88611389	70.62937063
2011	9211	VICTORIA	31	1256	9642	23201	32843	70.64214597	29.35785403	26.14888535	15918	24275	16925	32843	30249	28478	11042	1826	807	6298	4467	7013	3668	1858	2677	1987	295	1422	6	14.84650226	71.56517363
2011	10101	PUERTO MONTT	14.5	1673	31489	211359	242848	87.03345302	12.96654698	145.1572026	122931	172134	119917	242848	219986	204837	75323	9199	7456	50329	29340	41150	31001	20023	26053	14043	2641	9490	166	18.80652282	67.57815282
2011	10102	CALBUCO	10.8	591	23261	12311	35572	34.60868099	65.39131901	60.18950931	18425	25441	17147	35572	32180	29959	10796	4013	1928	3895	5983	8044	2922	1974	2534	1251	154	985	5	12.31015188	78.73701039
2011	10103	COCHAMÓ	5.1	3911	4304	0	4304	0	100	1.100485809	2489	3462	1815	4304	4020	3836	1517	788	47	569	960	1231	360	251	313	228	10	192	0	4.385964912	84.21052632
2011	10104	FRESIA	10.8	1278	6585	5700	12285	46.3980464	53.6019536	9.612676056	6198	8755	6087	12285	11191	10410	4247	1719	217	1735	1923	2933	1109	615	911	708	110	503	0	15.53672316	71.04519774
2011	10105	FRUTILLAR	16.3	831	4735	13418	18153	73.91615711	26.08384289	21.84476534	9274	13086	8879	18153	16567	15505	5719	1559	618	2887	2639	3978	2355	1453	1978	1166	222	816	2	19.03945111	69.98284734
2011	10106	LOS MUERMOS	15	1246	8716	7628	16344	46.67156143	53.32843857	13.11717496	8571	12077	7773	16344	14971	14037	6072	2973	231	2374	3339	4482	1377	970	1227	1098	170	832	1	15.48269581	75.77413479
2011	10107	LLANQUIHUE	17.5	421	3247	15175	18422	82.37433503	17.62566497	43.75771971	9094	12998	9328	18422	16702	15530	6139	1311	1372	2725	2600	3712	1503	973	1262	945	187	619	6	19.78835979	65.5026455
2011	10108	MAULLÍN	13.6	861	7368	6132	13500	45.42222222	54.57777778	15.67944251	7032	10241	6468	13500	12459	11767	5196	2421	318	1972	4054	4739	1439	1190	1349	664	74	517	0	11.14457831	77.86144578
2011	10109	PUERTO VARAS	12.3	4065	11354	29298	40652	72.07025485	27.92974515	10.000492	20782	29091	19870	40652	37057	34616	13612	2231	1117	9022	4805	7614	4015	2341	3168	3590	683	2301	23	19.02506964	64.09470752
2011	10201	CASTRO	11.6	473	15635	37471	53106	70.55888224	29.44111776	112.2748414	26618	37437	26488	53106	48078	44733	15608	2562	1826	9758	4370	7507	5066	2294	3474	3060	502	2125	10	16.40522876	69.44444444
2011	10202	ANCUD	9.9	1752	14246	27857	42103	66.16393131	33.83606869	24.03139269	20559	30473	21544	42103	38377	35877	14771	4052	1652	7546	7271	10274	4825	3114	4055	3020	362	2173	11	11.98675497	71.95364238
2011	10203	CHONCHI	8.8	1362	8968	6049	15017	40.28101485	59.71898515	11.0256975	8054	10921	6963	15017	13752	12870	4333	1405	779	1765	2272	3395	1511	873	1248	737	108	542	6	14.65400271	73.54138399
2011	10204	CURACO DE VÉLEZ	5.4	80	3978	0	3978	0	100	49.725	2019	2752	1959	3978	3602	3332	930	362	108	333	569	900	408	216	332	144	25	107	1	17.36111111	74.30555556
2011	10205	DALCAHUE	8.3	1239	6016	9425	15441	61.03879282	38.96120718	12.46246973	8076	10586	7365	15441	13819	12759	3759	1433	750	1294	2450	3440	1329	908	1158	711	115	513	6	16.17440225	72.15189873
2011	10206	PUQUELDÓN	6.5	97	4053	0	4053	0	100	41.78350515	2101	2928	1952	4053	3694	3437	1162	469	112	441	682	1027	439	264	387	147	12	120	0	8.163265306	81.63265306
2011	10207	QUEILÉN	11.7	333	3021	2299	5320	43.21428571	56.78571429	15.97597598	2846	3846	2474	5320	4837	4499	1608	666	153	589	1366	1602	882	751	837	248	25	197	0	10.08064516	79.43548387
2011	10208	QUELLÓN	19.1	3244	10675	22411	33086	67.73559814	32.26440186	10.19913687	18473	23483	14613	33086	29741	27616	9523	3503	1431	3595	4071	5691	2631	1760	2249	1321	190	994	9	14.38304315	75.24602574
2011	10209	QUEMCHI	8	440	6440	2805	9245	30.34072472	69.65927528	21.01136364	4945	6607	4300	9245	8366	7755	2681	1209	261	896	1747	2419	838	540	717	354	21	282	0	5.93220339	79.66101695
2011	10210	QUINCHAO	8.4	161	4842	4149	8991	46.14614615	53.85385385	55.8447205	4597	6292	4394	8991	8160	7551	2479	967	143	1157	1263	1813	771	461	615	311	42	253	0	13.50482315	81.35048232
2011	10301	OSORNO	18.2	951	18047	146323	164370	89.02050252	10.97949748	172.8391167	80724	119723	83646	164370	150816	141416	55646	4237	5308	38188	19012	27316	16800	10628	13968	10192	1809	6944	87	17.74921507	68.13186813
2011	10302	PUERTO OCTAY	13.5	1796	6202	3043	9245	32.91508924	67.08491076	5.147550111	4756	6482	4489	9245	8335	7729	3558	1909	186	1080	1445	2088	871	568	739	493	116	316	6	23.52941176	64.09736308
2011	10303	PURRANQUE	19.9	1459	8148	12501	20649	60.54046201	39.45953799	14.15284441	10337	15179	10312	20649	18926	17760	7061	2129	679	3187	3754	5591	3349	2127	2824	1175	221	786	10	18.80851064	66.89361702
2011	10304	PUYEHUE	6.4	1598	8567	2714	11281	24.05815087	75.94184913	7.059449312	5940	8407	5341	11281	10368	9771	4081	1443	171	1996	1274	2291	776	406	604	691	150	456	4	21.70767004	65.99131693
2011	10305	RÍO NEGRO	15.2	1266	8456	4618	13074	35.32201316	64.67798684	10.32701422	6611	9718	6463	13074	12042	11321	4888	1892	280	1945	2835	3813	1602	1174	1442	875	178	559	2	20.34285714	63.88571429
2011	10306	SAN JUAN DE LA COSTA	16	1517	6854	925	7779	11.89098856	88.10901144	5.127883982	4164	5848	3615	7779	7162	6728	2613	1356	125	871	2141	2366	607	512	572	179	11	138	0	6.145251397	77.09497207
2011	10307	SAN PABLO	13.7	637	5818	3062	8880	34.48198198	65.51801802	13.94034537	4506	6579	4374	8880	8162	7659	3135	1410	127	1221	2471	3184	1328	995	1214	495	118	302	3	23.83838384	61.01010101
2011	10401	CHAITÉN	21.15	8471	2783	4270	7053	60.5416135	39.4583865	0.832605359	3855	5009	3198	7053	6423	5997	2582	749	82	1522	659	942	315	175	264	227	30	170	0	13.21585903	74.88986784
2011	10402	FUTALEUFÚ	8.1	1280	805	1013	1818	55.72057206	44.27942794	1.4203125	935	1342	883	1818	1654	1542	744	249	34	401	293	468	215	117	171	219	15	180	0	6.849315068	82.19178082
2011	10403	HUALAIHUÉ	12	2788	3469	4931	8400	58.70238095	41.29761905	3.012912482	4379	5988	4021	8400	7568	7033	2643	959	191	1239	1576	2236	716	470	600	166	6	145	0	3.614457831	87.34939759
2011	10404	PALENA	2.8	2764	1645	0	1645	0	100	0.595151954	895	1200	750	1645	1485	1379	623	147	19	399	191	348	183	81	135	116	12	91	0	10.34482759	78.44827586
2011	11101	COIHAIQUE	15.3	0	4742	53883	58625	91.91130064	8.08869936	0	29822	40534	28803	58625	52914	49031	21115	2222	1041	15707	6883	10292	7417	4095	5610	4038	655	2922	18	16.22090144	72.36255572
2011	11102	LAGO VERDE	15.73	0	944	0	944	0	100	0	587	752	357	944	872	829	540	163	10	333	133	216	104	62	80	57	5	45	0	8.771929825	78.94736842
2011	11201	AISÉN	17.7	0	2344	24486	26830	91.263511	8.736489005	0	14183	19033	12647	26830	24181	22517	9371	2615	812	5306	2716	4201	2815	1530	2115	1477	244	1089	6	16.51997292	73.73053487
2011	11202	CISNES	6.4	0	2814	3338	6152	54.25877763	45.74122237	0	3672	4502	2480	6152	5569	5211	2847	1077	153	1468	573	955	485	239	344	490	66	365	0	13.46938776	74.48979592
2011	11203	GUAITECAS	18.42	0	39	1812	1851	97.89303079	2.106969206	0	1189	1373	662	1851	1680	1573	684	277	38	286	170	282	74	41	64	68	9	55	0	13.23529412	80.88235294
2011	11301	COCHRANE	14.5	0	533	2247	2780	80.82733813	19.17266187	0	1458	1909	1322	2780	2483	2290	1144	325	34	662	463	666	395	244	316	221	21	182	2	9.502262443	82.35294118
2011	11302	O´HIGGINS	15.73	0	680	0	680	0	100	0	381	480	299	680	597	550	250	54	7	170	52	85	48	21	33	31	3	26	0	9.677419355	83.87096774
2011	11303	TORTEL	21.98	0	634	0	634	0	100	0	392	464	242	634	571	541	241	33	5	166	70	104	29	14	16	61	4	52	0	6.557377049	85.24590164
2011	11401	CHILE CHICO	10.2	0	1464	3805	5269	72.21484153	27.78515847	0	2815	3718	2454	5269	4763	4422	1670	461	60	948	672	1012	525	308	422	349	39	276	1	11.1747851	79.08309456
2011	11402	RÍO IBÁÑEZ	8.3	0	2100	0	2100	0	100	0	1174	1632	926	2100	1937	1827	964	334	45	484	400	598	261	159	208	239	13	212	0	5.439330544	88.70292887
2011	12101	PUNTA ARENAS	8.6	17846	2977	122220	125197	97.6221475	2.377852504	7.015409616	63506	92572	61691	125197	114819	107862	50269	4139	3823	37405	6618	12123	12544	4484	7508	8477	1625	5652	95	19.16951752	66.67453108
2011	12102	LAGUNA BLANCA	16.76	3696	633	0	633	0	100	0.171266234	491	464	142	633	588	560	318	167	3	136	6	10	4	1	1	19	6	12	0	31.57894737	63.15789474
2011	12103	RÍO VERDE	19.84	17248	373	0	373	0	100	0.021625696	293	356	80	373	368	367	313	213	13	76	11	15	1	1	1	12	6	2	0	50	16.66666667
2011	12104	SAN GREGORIO	2.2	6884	728	0	728	0	100	0.105752469	555	659	173	728	702	686	862	314	78	452	15	26	22	3	7	36	11	18	1	30.55555556	50
2011	12201	CABO DE HORNOS	4.4	21551	460	2337	2797	83.55380765	16.44619235	0.129785161	1749	1921	1048	2797	2458	2254	1224	373	62	738	75	132	83	35	60	109	15	81	2	13.76146789	74.31192661
2011	12301	PORVENIR	8	9707	723	4917	5640	87.18085106	12.81914894	0.581024003	3468	4263	2172	5640	5243	4983	2974	603	345	1917	578	984	781	355	537	1597	241	1202	6	15.09079524	75.26612398
2011	12302	PRIMAVERA	0.9	6530	583	0	583	0	100	0.089280245	409	492	174	583	547	528	709	220	67	408	17	37	17	7	10	595	102	431	7	17.14285714	72.43697479
2011	12303	TIMAUKEL	20.33	10759	816	0	816	0	100	0.07584348	801	807	15	816	816	816	357	235	49	71	6	12	6	1	5	22	5	13	0	22.72727273	59.09090909
2011	12401	NATALES	13.7	49924	2617	18562	21179	87.64342037	12.35657963	0.424224822	11495	15692	9684	21179	19418	18225	7587	1516	393	4889	2158	3626	2604	1238	1824	38	10	26	0	26.31578947	68.42105263
2011	12402	TORRES DEL PAINE	14.01	6630	1119	0	1119	0	100	0.168778281	819	969	300	1119	1059	1021	555	163	4	379	4	13	15	2	5	27	12	12	0	44.44444444	44.44444444
2011	13101	SANTIAGO	7.8	22	0	163952	163952	100	0	7452.363636	83312	133787	80640	163952	153730	147224	100143	914	9526	79030	14934	22924	25837	11292	16540	53353	15012	27941	1200	28.13712444	52.37006354
2011	13102	CERRILLOS	8.5	21	0	66160	66160	100	0	3150.47619	32450	48800	33710	66160	60478	56754	29702	418	4643	20374	6458	10942	9611	4508	6527	3503	812	2196	119	23.18013132	62.68912361
2011	13103	CERRO NAVIA	18.2	11	0	133943	133943	100	0	12176.63636	64849	96550	69094	133943	121225	113026	59882	698	9092	40886	23063	33811	24205	15019	20001	4101	494	3279	12	12.04584248	79.95610827
2011	13104	CONCHALÍ	11.6	11	0	107246	107246	100	0	9749.636364	52418	82280	54828	107246	99012	93726	55966	581	7564	40412	11188	18969	15630	7380	10828	5204	938	3567	99	18.02459646	68.54342813
2011	13105	EL BOSQUE	13.8	14	0	168302	168302	100	0	12021.57143	83132	124344	85170	168302	153779	144539	69735	712	10469	48169	17433	27453	19417	11391	15370	5425	796	4106	16	14.67281106	75.68663594
2011	13106	ESTACIÓN CENTRAL	9.6	14	0	111702	111702	100	0	7978.714286	56741	86576	54961	111702	103459	98230	55427	676	6587	40952	12242	19104	16486	8535	12111	6691	1477	4359	112	22.07442834	65.14721267
2011	13107	HUECHURABA	16.9	45	0	85761	85761	100	0	1905.8	41728	60094	44033	85761	76991	71290	32111	521	4064	23245	5201	10247	7181	3023	4901	4909	1207	2508	334	24.58749236	51.089835
2011	13108	INDEPENDENCIA	8.6	7	0	51277	51277	100	0	7325.285714	24086	40844	27191	51277	47890	45695	28092	286	3448	21116	6750	10770	10586	4886	7270	4797	1282	2856	56	26.72503648	59.53721076
2011	13109	LA CISTERNA	12.3	10	0	71443	71443	100	0	7144.3	34096	55125	37347	71443	66288	62815	35040	315	4540	25650	7238	11272	9579	4990	6988	5845	1352	3768	43	23.13088109	64.465355
2011	13110	LA FLORIDA	9.7	71	0	398355	398355	100	0	5610.633803	199112	306729	199243	398355	368085	348485	159690	1804	18397	119352	24745	40418	38986	18940	26586	14949	2319	10641	72	15.51274333	71.18201886
2011	13111	LA GRANJA	23.2	10	0	123403	123403	100	0	12340.3	59873	91149	63530	123403	112756	105921	54448	378	8620	37401	15175	23111	17530	9899	13521	3958	646	2916	20	16.32137443	73.67357251
2011	13112	LA PINTANA	27.7	31	0	202569	202569	100	0	6534.483871	101455	141936	101114	202569	182085	169038	76111	1185	11410	51339	24846	37630	23626	14787	19559	4289	655	3285	13	15.27162509	76.59128002
2011	13113	LA REINA	2.5	23	0	95516	95516	100	0	4152.869565	44460	72651	51056	95516	88635	83792	42939	694	3122	35295	2356	4208	4418	1676	2574	6031	1239	3567	43	20.54385674	59.14442049
2011	13114	LAS CONDES	1.3	99	0	288115	288115	100	0	2910.252525	129962	226508	158153	288115	268819	255672	117645	2261	8310	98330	3091	6152	12823	2265	4138	44912	12939	18891	2218	28.80967225	42.06225508
2011	13115	LO BARNECHEA	4.8	1024	0	109638	109638	100	0	107.0683594	48295	76954	61343	109638	98947	91929	33928	1515	1935	28300	2646	4770	4089	1640	2571	7407	2035	3578	135	27.47401107	48.30565681
2011	13116	LO ESPEJO	16.5	7	0	99082	99082	100	0	14154.57143	48789	72468	50293	99082	90234	84643	43097	406	7205	28302	12758	19199	13198	8051	10636	2874	397	2256	10	13.81350035	78.49686848
2011	13117	LO PRADO	13.1	7	0	91703	91703	100	0	13100.42857	44560	68756	47143	91703	84100	79174	45274	376	5978	32330	13660	20483	17373	9546	13202	3174	375	2461	2	11.8147448	77.53623188
2011	13118	MACUL	13.1	13	0	97614	97614	100	0	7508.769231	46559	76620	51055	97614	90763	86342	49472	516	5689	37115	8984	14111	12464	5909	8533	5283	1125	3260	134	21.29471891	61.70736324
2011	13119	MAIPÚ	6.4	133	0	847004	847004	100	0	6368.451128	413556	612322	433448	847004	769865	719204	197604	2635	27993	144514	30395	51407	46633	21587	31042	18743	2833	13598	111	15.11497626	72.54975191
2011	13120	ÑUÑOA	2.8	17	0	145116	145116	100	0	8536.235294	65645	118344	79471	145116	136648	131019	74148	746	6315	59651	5760	10030	12609	4195	6865	14313	3328	8272	207	23.25158946	57.7936142
2011	13121	PEDRO AGUIRRE CERDA	12.8	10	0	92738	92738	100	0	9273.8	45036	71811	47702	92738	86015	81672	46865	343	6701	32720	12660	19685	14875	7830	10877	1893	335	1366	12	17.6967776	72.16059165
2011	13122	PEÑALOLÉN	10.8	54	0	248405	248405	100	0	4600.092593	121728	179481	126677	248405	225459	210711	94610	1546	9933	71123	23971	36212	27430	16175	21864	8426	1222	6014	41	14.50272965	71.37431759
2011	13123	PROVIDENCIA	0.2	14	0	126643	126643	100	0	9045.928571	58911	104729	67732	126643	119406	114816	59633	868	3993	49998	1766	2960	4579	1277	2083	40011	12161	18130	1165	30.39414161	45.31253905
2011	13124	PUDAHUEL	16.1	197	0	268551	268551	100	0	1363.203046	131886	193134	136665	268551	243531	227442	83108	1287	10729	60136	27245	40548	33611	19813	26862	7567	1299	5293	216	17.16664464	69.94846042
2011	13125	QUILICURA	16.8	58	0	213564	213564	100	0	3682.137931	105373	142814	108191	213564	189511	173826	53839	747	9916	37017	19251	28560	20860	12768	16581	7462	1613	4536	411	21.61618869	60.7879925
2011	13126	QUINTA NORMAL	7.5	12	0	86952	86952	100	0	7246	42651	67232	44301	86952	80453	76314	43993	329	7124	30926	17466	23275	20141	12711	16412	906	148	637	0	16.33554084	70.30905077
2011	13127	RECOLETA	10.9	16	0	124700	124700	100	0	7793.75	61288	94620	63412	124700	114766	108425	63003	576	9039	45235	14109	22117	17156	9236	12773	11097	3038	6622	153	27.3767685	59.67378571
2011	13128	RENCA	18.8	24	0	130753	130753	100	0	5448.041667	64639	94242	66114	130753	118488	110564	56711	676	9957	36893	19182	29039	23304	13797	18522	4559	777	3199	110	17.04321123	70.16889669
2011	13129	SAN JOAQUÍN	13.1	10	0	77274	77274	100	0	7727.4	37449	61079	39825	77274	71901	68580	40386	328	6677	27878	17430	23474	18616	11771	15250	4833	1027	3113	75	21.24974136	64.41133871
2011	13130	SAN MIGUEL	5.1	10	0	71005	71005	100	0	7100.5	34543	55687	36462	71005	66177	62877	32816	256	4618	24018	6540	10111	9572	4706	6761	6817	1768	3913	88	25.93516209	57.40061611
2011	13131	SAN RAMÓN	23	7	0	84027	84027	100	0	12003.85714	41075	61242	42952	84027	76370	71488	38724	374	6156	26514	12920	20268	14019	8397	11439	3031	407	2371	2	13.42791158	78.22500825
2011	13132	VITACURA	1.5	28	0	79618	79618	100	0	2843.5	34394	61876	45224	79618	74225	70407	39217	902	2917	33081	777	1263	1586	589	898	13218	3816	5832	352	28.8697231	44.12165229
2011	13201	PUENTE ALTO	13.2	88	0	735415	735415	100	0	8356.988636	360529	522656	374886	735415	664464	619248	199993	2693	28442	144294	52554	73963	53814	34072	43493	17211	2139	13230	30	12.42809831	76.86944396
2011	13202	PIRQUE	11.7	445	3426	20145	23571	85.46519028	14.53480972	52.96853933	11738	16806	11833	23571	21353	19864	6638	1426	681	3930	1516	2776	1348	685	999	1108	209	704	11	18.86281588	63.53790614
2011	13203	SAN JOSÉ DE MAIPO	11.1	4995	5738	8707	14445	60.27691243	39.72308757	2.891891892	7662	10902	6783	14445	13340	12613	5657	569	356	4069	1271	2053	1578	818	1135	782	107	572	1	13.68286445	73.14578005
2011	13301	COLINA	12.1	971	19909	93495	113404	82.44418186	17.55581814	116.7909372	59205	77805	54199	113404	101337	93687	30529	4507	3485	18844	14704	19521	10507	7902	9483	4183	894	2483	130	21.37222089	59.3593115
2011	13302	LAMPA	16.1	452	21594	43232	64826	66.68929133	33.31070867	143.420354	33215	43417	31611	64826	57364	52677	15475	2698	2467	8400	7172	10599	5607	3787	4798	3580	894	2042	154	24.97206704	57.03910615
2011	13303	TILTIL	10	653	7654	8703	16357	53.20657822	46.79342178	25.04900459	8353	11314	8004	16357	14643	13533	5368	1075	921	2735	2985	3792	2021	1491	1811	706	135	500	1	19.12181303	70.82152975
2011	13401	SAN BERNARDO	15.5	155	3961	307045	311006	98.72639113	1.273608869	2006.490323	152839	215897	158167	311006	279398	258683	98727	3269	15322	66424	33443	48167	35711	22077	28952	11118	2216	7402	202	19.93164238	66.57672243
2011	13402	BUIN	10.7	214	9396	64342	73738	87.25758768	12.74241232	344.5700935	36465	52978	37273	73738	66749	62179	25714	5193	3505	14349	8730	13486	9029	5380	7228	4001	778	2700	36	19.44513872	67.48312922
2011	13403	CALERA DE TANGO	11.2	73	7725	19256	26981	71.36874097	28.63125903	369.6027397	13409	19290	13572	26981	24530	22903	7499	1394	877	4492	1319	2443	1827	747	1216	1260	274	779	11	21.74603175	61.82539683
2011	13404	PAINE	13.7	678	23079	42291	65370	64.69481413	35.30518587	96.4159292	32922	45508	32448	65370	58697	54339	19532	5843	1832	9535	9844	13269	8007	5594	6993	4219	827	2923	18	19.60180137	69.28182034
2011	13501	MELIPILLA	9.2	1345	51363	55845	107208	52.09032908	47.90967092	79.70855019	53702	76375	53506	107208	97115	90375	35802	8122	3663	19436	14128	21867	12063	7314	9762	6735	1153	4677	41	17.11952487	69.44320713
2011	13502	ALHUÉ	8.6	845	1419	3229	4648	69.4707401	30.5292599	5.500591716	2424	3421	2224	4648	4244	3988	1624	815	54	554	480	884	459	208	319	271	56	173	1	20.66420664	63.83763838
2011	13503	CURACAVÍ	13.8	693	13422	16362	29784	54.93553586	45.06446414	42.97835498	14951	21546	14833	29784	27022	25233	9450	1899	748	5387	3989	5898	3172	2060	2694	1516	213	1123	3	14.05013193	74.07651715
2011	13504	MARÍA PINTO	6.1	395	10464	1287	11751	10.95225938	89.04774062	29.74936709	5765	8532	5986	11751	10657	9948	3704	1473	156	1473	1308	2344	918	470	730	638	98	431	3	15.36050157	67.55485893
2011	13505	SAN PEDRO	7	788	8051	0	8051	0	100	10.21700508	4394	5786	3657	8051	7299	6792	2381	1123	141	792	1152	1788	557	318	453	615	78	466	0	12.68292683	75.77235772
2011	13601	TALAGANTE	13.2	126	16875	60715	77590	78.25106328	21.74893672	615.7936508	38012	53668	39578	77590	69863	64647	23113	2301	3436	14217	8044	12563	10504	5892	8380	3136	553	2125	18	17.63392857	67.76147959
2011	13602	EL MONTE	17.7	118	5844	25424	31268	81.30996546	18.69003454	264.9830508	15755	21732	15513	31268	28146	26026	9721	2358	1229	4711	3251	5472	3236	1732	2485	1252	167	901	5	13.33865815	71.96485623
2011	13603	ISLA DE MAIPO	15.9	189	9097	22681	31778	71.37327711	28.62672289	168.1375661	15852	22683	15926	31778	28773	26760	10147	2551	1361	5039	3522	5677	2390	1398	1975	1419	247	983	11	17.40662438	69.27413672
2011	13604	PADRE HURTADO	17.1	81	7763	42179	49942	84.45596892	15.54403108	616.5679012	25172	35075	24770	49942	45078	41770	15297	990	2948	9437	5542	8833	5269	3069	4182	3401	603	2294	30	17.73007939	67.45074978
2011	13605	PEÑAFLOR	9.3	69	4843	81486	86329	94.39006591	5.609934089	1251.144928	42171	60392	44158	86329	77858	72128	26730	1400	5722	16157	5844	10229	7464	3306	5004	3219	520	2282	14	16.15408512	70.89158124
2011	14101	VALDIVIA	20.2	1016	18948	142777	161725	88.28381512	11.71618488	159.1781496	79197	119480	82528	161725	148773	140215	51310	2848	5019	36185	18629	28121	20602	11624	15826	8507	1448	5960	50	17.0212766	70.05995063
2011	14102	CORRAL	19.9	767	1924	3050	4974	61.31885806	38.68114194	6.485006519	2562	3780	2412	4974	4599	4344	1614	465	120	803	1053	1495	506	318	425	215	17	162	1	7.906976744	75.34883721
2011	14103	LANCO	20.5	532	5666	10918	16584	65.83453932	34.16546068	31.17293233	8066	11616	8518	16584	15083	14005	4660	948	542	2404	3272	4535	2605	1750	2223	953	115	745	4	12.06715635	78.17418678
2011	14104	LOS LAGOS	17.1	1791	12689	9055	21744	41.64367182	58.35632818	12.14070352	11062	15106	10682	21744	19588	18146	6516	1848	775	2864	2400	3921	1601	874	1259	862	114	636	1	13.225058	73.78190255
2011	14105	MÁFIL	18	583	3274	3682	6956	52.93271995	47.06728005	11.93138937	3620	5114	3336	6956	6391	6015	2305	816	124	962	1186	1748	810	502	677	363	61	259	0	16.80440771	71.34986226
2011	14106	MARIQUINA	16.7	1321	7427	11001	18428	59.69719991	40.30280009	13.95003785	9270	12626	9158	18428	16531	15235	5797	1988	468	2513	3620	4850	1717	1198	1482	916	129	661	3	14.08296943	72.16157205
2011	14107	PAILLACO	20.5	896	10209	9684	19893	48.68044036	51.31955964	22.20200893	9942	14517	9951	19893	18191	17050	6421	1765	609	3116	4080	5444	2357	1677	2074	1107	149	823	9	13.45980126	74.34507678
2011	14108	PANGUIPULLI	24.6	3292	14381	20722	35103	59.03199157	40.96800843	10.66312272	17736	25767	17367	35103	32376	30510	10313	2564	881	5127	5933	8007	3032	1955	2578	1763	233	1354	9	13.21610891	76.80090754
2011	14201	LA UNIÓN	19.7	2137	16148	22602	38750	58.32774194	41.67225806	18.13289658	20010	28615	18740	38750	35635	33515	13547	2715	1626	6976	5044	7813	4001	2286	3155	2259	345	1609	5	15.27224436	71.22620629
2011	14202	FUTRONO	25.3	2121	3766	12035	15801	76.16606544	23.83393456	7.449787836	7935	10698	7866	15801	14114	12969	4639	1316	384	2236	2350	3404	1051	666	884	699	80	538	1	11.44492132	76.96709585
2011	14203	LAGO RANCO	20.5	1763	6235	3227	9462	34.10484041	65.89515959	5.366988088	4908	6830	4554	9462	8609	8021	2667	912	99	1157	1813	2403	750	489	634	412	40	327	2	9.708737864	79.36893204
2011	14204	RÍO BUENO	20.6	2212	18882	12405	31287	39.64905552	60.35094448	14.14421338	15495	22962	15792	31287	28642	26826	10604	4043	616	4537	4832	7202	3534	2118	2877	1921	333	1361	2	17.3347215	70.8485164
2011	15101	ARICA	12.7	4799	14797	164208	179005	91.73375045	8.266249546	37.30047927	85929	127982	93076	179005	163098	152225	69153	5327	4717	46775	29740	40400	28130	19639	24166	13710	1760	10694	46	12.837345	78.00145879
2011	15102	CAMARONES	7.6	3927	1686	0	1686	0	100	0.429335371	959	1276	727	1686	1552	1466	609	235	16	309	261	329	170	127	148	71	0	62	0	0	87.32394366
2011	15201	PUTRE	29.7	5903	396	875	1271	68.84343037	31.15656963	0.215314247	806	1073	465	1271	1211	1175	812	200	10	509	337	450	245	167	221	112	9	91	0	8.035714286	81.25
2011	15202	GENERAL LAGOS	20.5	2244	1228	0	1228	0	100	0.547237077	898	1024	330	1228	1166	1126	381	95	3	241	186	211	76	70	73	13	0	11	0	0	84.61538462
