macrozona	region	idregion	comuna	idcomuna	tipo	tamaño	inicios	esc	educ1%	educ2%	educ3%	desempleo%	robos	homicidios	pob_tot	exten_km2	pobre	ne	ventas	ntrab	remu	docentes_em	matl_em	colegios_em	salario	pea	emprendimiento
Norte	Tarapaca	1	Iquique	1101	urbano	5	1551	11.5	34.5	54.4	11.0	6.6	2347.0	10.0	186.0	2262.0	14.0	13.2	175.7	82.5	8.7	2190.0	13522.0	43.0	478.0	135.7	114.3122471
Norte	Tarapaca	1	Alto Hospicio	1107	rural	5	564	10.2	48.9	47.8	3.3	7.8	1130.0	7.0	93.8	573.0	20.0	2.9	8.6	8.4	0.7	980.0	6039.0	15.0	365.4	61.3	92.00652529
Norte	Tarapaca	1	Pozo Almonte	1401	rural	3	71	9.7	53.7	43.7	2.6	4.5	41.0	0.0	17.3	13766.0	13.0	0.6	32.9	4.5	1.2	157.0	755.0	1.0	360.7	13.0	54.65742879
Norte	Tarapaca	1	Camiña	1402	rural	1	8	5.2	82.6	16.7	0.8	0.0	0.0	0.0	1.0	2200.0	15.0	0.1	0.1	0.0	0.0	21.0	66.0	1.0	379.8	0.6	135.5932203
Norte	Tarapaca	1	Huara	1404	rural	1	25	8.9	54.9	41.7	3.4	4.7	1.0	0.0	3.4	10475.0	10.0	0.1	0.8	0.4	0.0	37.0	60.0	1.0	327.6	2.1	118.5395922
Norte	Tarapaca	1	Pica	1405	rural	3	26	9.2	51.5	40.7	7.8	7.7	10.0	0.0	18.6	8934.0	14.0	0.3	0.3	0.6	0.1	72.0	224.0	1.0	351.0	17.0	15.32025219
Norte	Antofagasta	2	Antofagasta	2101	urbano	5	1896	11.6	35.2	52.7	12.1	10.9	4012.0	19.0	373.0	30718.0	7.0	16.9	292.5	121.5	23.5	3214.0	23448.0	44.0	557.9	269.1	70.44739296
Norte	Antofagasta	2	Mejillones	2102	rural	2	72	10.0	50.0	45.2	4.8	17.2	67.0	0.0	11.1	3804.0	6.0	0.5	11.5	2.1	0.4	107.0	409.0	1.0	417.0	8.0	89.83156581
Norte	Antofagasta	2	Sierra Gorda	2103	rural	1	19	9.4	47.1	50.0	2.9	13.3	2.0	0.0	3.7	12886.0	2.0	0.1	5.8	0.9	0.5	12.0	0.0	0.0	418.2	3.3	58.42558426
Norte	Antofagasta	2	Taltal	2104	rural	2	62	10.3	43.0	47.0	10.0	11.1	20.0	2.0	10.6	20405.0	11.0	0.7	161.9	2.4	0.5	120.0	772.0	2.0	641.9	7.5	82.62260128
Norte	Antofagasta	2	Calama	2201	urbano	5	740	10.9	40.6	49.3	10.1	9.5	1297.0	10.0	148.8	15597.0	9.0	7.2	60.2	41.4	7.0	1506.0	11507.0	25.0	518.1	105.1	70.44264636
Norte	Antofagasta	2	San Pedro de Atacama	2203	rural	2	59	9.4	55.2	36.0	8.8	11.8	30.0	0.0	9.3	23439.0	6.0	0.5	0.9	1.3	0.1	55.0	168.0	1.0	507.2	70.3	8.393916545
Norte	Antofagasta	2	Tocopilla	2301	rural	3	135	10.6	41.7	51.7	6.6	6.5	100.0	1.0	21.3	4039.0	13.0	1.2	24.3	4.3	0.9	238.0	1723.0	3.0	463.0	14.9	90.37354398
Norte	Antofagasta	2	María Elena	2302	rural	1	13	11.2	34.1	59.6	6.3	12.9	13.0	0.0	3.7	12197.0	7.0	0.2	0.7	1.4	0.2	53.0	311.0	1.0	421.7	2.8	46.84684685
Norte	Atacama	3	Copiapó	3101	urbano	5	657	10.6	41.7	49.5	8.8	9.1	1379.0	5.0	163.9	16681.0	18.0	7.5	129.4	59.3	10.4	1659.0	10884.0	22.0	460.7	116.1	56.59548442
Norte	Atacama	3	Caldera	3102	rural	2	96	10.5	38.5	53.6	7.8	8.6	132.0	0.0	15.2	4667.0	16.0	0.9	3.6	3.4	0.6	193.0	985.0	4.0	451.8	10.8	88.70818703
Norte	Atacama	3	Tierra Amarilla	3103	rural	2	70	9.5	52.0	44.8	3.2	12.3	36.0	1.0	13.9	11191.0	15.0	0.6	5.5	5.3	0.7	142.0	777.0	2.0	360.5	10.0	70.11217949
Norte	Atacama	3	Chañaral	3201	rural	2	66	10.1	45.5	49.9	4.6	6.9	64.0	1.0	12.7	5772.0	22.0	0.9	6.5	5.1	0.9	168.0	753.0	2.0	422.9	8.7	75.99309154
Norte	Atacama	3	Diego de Almagro	3202	rural	2	57	10.5	46.3	45.5	8.2	8.4	20.0	0.0	11.7	18664.0	10.0	0.7	5.5	4.4	1.0	229.0	1319.0	3.0	491.0	8.6	66.27906977
Norte	Atacama	3	Vallenar	3301	rural	4	224	9.7	45.6	49.7	4.8	8.6	188.0	0.0	46.5	7084.0	19.0	3.0	9.1	11.6	1.5	579.0	4035.0	8.0	398.9	32.4	69.15714727
Norte	Atacama	3	Alto Del Carmen	3302	rural	1	22	8.8	61.1	33.2	5.6	10.0	1.0	0.0	4.8	5939.0	6.0	0.4	0.3	0.9	0.1	35.0	149.0	1.0	316.9	3.3	67.15506716
Norte	Atacama	3	Freirina	3303	rural	1	24	9.7	47.7	44.4	8.0	6.2	4.0	0.0	5.9	3578.0	16.0	0.3	0.4	0.7	0.1	61.0	306.0	1.0	376.7	4.1	59.20078934
Norte	Atacama	3	Huasco	3304	rural	1	27	10.2	44.7	47.9	7.3	11.6	22.0	0.0	8.0	1601.0	9.0	0.4	0.9	2.1	0.2	108.0	445.0	1.0	356.1	5.6	47.90631654
Norte	Coquimbo	4	La Serena	4101	urbano	5	1179	11.1	37.3	50.4	12.4	9.0	1265.0	4.0	214.7	1893.0	14.0	10.2	103.1	63.3	8.9	2631.0	16771.0	62.0	420.2	153.5	76.82833851
Norte	Coquimbo	4	Coquimbo	4102	urbano	5	972	10.5	42.4	49.7	7.9	8.8	1391.0	5.0	215.1	1429.0	15.0	9.0	45.9	57.6	7.5	2177.0	12654.0	47.0	346.3	154.4	62.96641791
Norte	Coquimbo	4	Andacollo	4103	rural	1	67	9.1	51.2	43.4	5.4	7.2	32.0	0.0	8.5	310.0	19.0	0.5	19.5	2.5	0.7	94.0	516.0	2.0	366.4	5.8	115.6169111
Norte	Coquimbo	4	La Higuera	4104	rural	1	28	7.8	64.1	34.1	1.8	10.1	9.0	0.0	3.9	4158.0	14.0	0.2	0.4	0.3	0.0	50.0	34.0	2.0	387.1	2.8	100.9009009
Norte	Coquimbo	4	Paihuano	4105	rural	1	25	9.0	52.4	42.9	4.8	6.7	5.0	0.0	4.5	1495.0	6.0	0.4	0.3	0.7	0.1	67.0	162.0	1.0	322.6	3.2	78.76496534
Norte	Coquimbo	4	Vicuña	4106	rural	3	107	9.4	53.8	39.5	6.7	4.6	84.0	0.0	26.6	7610.0	17.0	1.3	6.6	8.1	0.8	280.0	1222.0	3.0	311.2	18.1	59.03448276
Norte	Coquimbo	4	Illapel	4201	rural	4	176	9.9	47.6	45.7	6.7	13.2	109.0	1.0	31.4	2629.0	14.0	1.9	4.1	4.9	0.6	378.0	2401.0	7.0	406.7	21.7	80.94559168
Norte	Coquimbo	4	Canela	4202	rural	1	37	7.3	68.0	29.0	3.0	7.7	6.0	1.0	8.5	2197.0	15.0	0.4	0.4	0.8	0.1	111.0	365.0	1.0	286.3	5.7	65.46355272
Norte	Coquimbo	4	Los Vilos	4203	rural	3	110	9.8	48.5	43.7	7.8	5.1	90.0	2.0	18.9	1861.0	16.0	1.1	3.6	3.1	0.3	193.0	1192.0	2.0	289.5	13.4	82.18154651
Norte	Coquimbo	4	Salamanca	4204	rural	3	134	9.6	48.9	42.8	8.3	8.4	49.0	1.0	25.7	3445.0	18.0	1.8	5.2	6.5	0.7	302.0	1427.0	5.0	327.8	18.6	72.06238236
Norte	Coquimbo	4	Ovalle	4301	rural	5	362	9.7	48.9	45.5	5.7	5.3	636.0	3.0	112.1	3835.0	26.0	6.1	18.0	28.0	2.3	1358.0	8772.0	21.0	313.8	78.4	46.19350228
Norte	Coquimbo	4	Combarbalá	4302	rural	2	46	8.7	55.0	41.2	3.8	8.9	10.0	0.0	12.2	1896.0	20.0	0.6	1.1	2.5	0.2	173.0	702.0	2.0	265.3	8.5	54.27088249
Norte	Coquimbo	4	Monte Patria	4303	rural	4	120	8.5	60.1	35.0	4.9	5.2	46.0	1.0	32.1	4366.0	15.0	1.8	4.9	15.0	0.9	308.0	1283.0	4.0	259.8	21.9	54.82957142
Norte	Coquimbo	4	Punitaqui	4304	rural	2	32	7.8	62.6	35.0	2.4	6.1	7.0	1.0	10.4	1339.0	21.0	0.5	1.1	2.0	0.2	120.0	402.0	2.0	315.7	7.0	45.46100298
Norte	Coquimbo	4	Río Hurtado	4305	rural	1	17	7.2	66.7	30.6	2.8	0.0	1.0	0.0	4.4	2117.0	12.0	0.3	0.2	0.5	0.1	58.0	155.0	2.0	229.0	3.0	56.45964796
Centro	Valparaiso	5	Valparaíso	5101	urbano	5	1332	11.7	30.9	56.0	13.1	10.5	4139.0	15.0	271.0	402.0	21.0	14.1	249.3	116.4	24.0	3363.0	21997.0	69.0	378.1	199.7	66.70873524
Centro	Valparaiso	5	Casablanca	5102	rural	4	160	9.8	48.1	44.8	7.1	2.6	81.0	0.0	29.9	953.0	13.0	1.6	70.7	7.8	1.6	313.0	1321.0	8.0	309.4	21.0	76.27765065
Centro	Valparaiso	5	Concón	5103	urbano	4	207	9.9	47.1	41.4	11.4	11.9	287.0	2.0	59.9	76.0	9.0	2.0	455.2	17.8	4.4	456.0	1883.0	9.0	556.9	43.3	47.78834611
Centro	Valparaiso	5	Puchuncaví	5105	rural	3	109	9.9	46.4	45.9	7.7	13.2	130.0	1.0	16.3	300.0	14.0	1.0	7.1	2.7	0.3	199.0	712.0	2.0	299.6	11.8	92.38854043
Centro	Valparaiso	5	Quintero	5107	urbano	3	152	9.3	48.1	49.6	2.3	3.7	292.0	0.0	25.8	148.0	17.0	1.5	9.4	6.3	0.9	241.0	1546.0	5.0	272.6	17.7	85.73523605
Centro	Valparaiso	5	Viña del Mar	5109	urbano	5	1931	12.0	30.2	51.6	18.2	14.1	3592.0	7.0	290.8	122.0	16.0	19.6	136.5	159.3	24.1	3591.0	18275.0	76.0	492.1	210.7	91.63167011
Centro	Valparaiso	5	Los Andes	5301	rural	4	235	11.6	36.1	49.5	14.4	13.0	406.0	1.0	75.1	1248.0	8.0	4.0	23.9	26.0	2.8	836.0	6223.0	11.0	581.7	53.7	43.76000894
Centro	Valparaiso	5	Calle Larga	5302	rural	2	41	9.7	46.4	45.0	8.6	13.1	39.0	0.0	11.1	322.0	8.0	0.6	1.6	2.4	0.2	170.0	537.0	3.0	398.0	7.9	51.74807522
Centro	Valparaiso	5	Rinconada	5303	rural	1	30	9.5	51.6	42.2	6.3	13.1	39.0	0.0	8.0	123.0	10.0	0.4	2.5	4.8	0.4	80.0	148.0	1.0	369.8	5.8	52.15577191
Centro	Valparaiso	5	San Esteban	5304	rural	3	72	9.9	50.0	42.7	7.3	6.4	52.0	1.0	17.5	1362.0	8.0	1.0	8.4	4.8	0.4	140.0	324.0	1.0	289.5	12.7	56.77337959
Centro	Valparaiso	5	La Ligua	5401	rural	4	183	9.6	48.1	45.8	6.1	18.4	145.0	0.0	38.1	1163.0	15.0	2.8	5.3	6.2	0.6	385.0	2366.0	9.0	280.1	27.2	67.37849779
Centro	Valparaiso	5	Cabildo	5402	rural	3	158	9.6	49.4	46.1	4.5	7.8	81.0	1.0	21.0	1455.0	12.0	1.5	5.3	4.9	0.5	292.0	1521.0	4.0	327.8	14.6	108.5388473
Centro	Valparaiso	5	Papudo	5403	rural	1	31	10.1	42.1	53.7	4.2	2.5	20.0	0.0	5.6	166.0	13.0	0.4	2.0	0.8	0.1	49.0	201.0	1.0	330.4	3.9	79.14220066
Centro	Valparaiso	5	Petorca	5404	rural	2	46	8.7	55.2	42.1	2.7	6.5	9.0	0.0	9.8	1517.0	16.0	0.6	1.0	2.0	0.2	160.0	540.0	3.0	261.6	6.9	67.01631702
Centro	Valparaiso	5	Zapallar	5405	urbano	1	60	9.1	57.8	37.8	4.4	8.7	22.0	0.0	7.2	288.0	10.0	1.0	13.2	2.3	0.3	100.0	415.0	2.0	219.6	5.2	114.6350783
Centro	Valparaiso	5	Quillota	5501	rural	5	364	10.7	39.4	50.8	9.8	7.9	373.0	2.0	88.0	302.0	15.0	5.2	30.3	23.8	2.0	1172.0	6807.0	25.0	329.7	63.4	57.45402888
Centro	Valparaiso	5	Calera	5502	rural	4	180	9.8	48.7	44.6	6.7	10.7	296.0	3.0	54.9	61.0	19.0	3.0	18.0	15.1	1.7	581.0	3432.0	11.0	283.1	38.3	46.93733865
Centro	Valparaiso	5	Hijuelas	5503	rural	3	60	9.0	55.0	36.7	8.3	7.0	44.0	0.0	18.9	267.0	15.0	1.3	8.9	10.1	0.8	177.0	751.0	2.0	327.3	13.2	45.44077552
Centro	Valparaiso	5	La Cruz	5504	rural	3	48	10.8	45.9	42.2	11.9	11.3	25.0	0.0	16.0	78.0	16.0	1.0	3.0	4.0	0.3	119.0	479.0	3.0	491.8	11.2	42.67804748
Centro	Valparaiso	5	Nogales	5506	rural	3	75	9.1	52.2	42.5	5.3	9.1	44.0	0.0	26.1	405.0	17.0	1.2	2.3	4.7	0.4	225.0	1207.0	5.0	336.8	18.0	41.74551931
Centro	Valparaiso	5	San Antonio	5601	urbano	5	503	10.4	40.0	52.7	7.2	16.8	1065.0	6.0	99.1	405.0	19.0	5.1	23.4	18.8	2.2	1119.0	7028.0	33.0	289.2	71.2	70.63118725
Centro	Valparaiso	5	Algarrobo	5602	urbano	2	76	9.6	50.0	37.2	12.8	3.8	79.0	1.0	13.0	176.0	6.0	0.8	2.3	2.1	0.2	131.0	696.0	2.0	312.8	9.1	83.78348583
Centro	Valparaiso	5	Cartagena	5603	urbano	3	98	9.7	46.8	47.3	5.9	15.8	187.0	0.0	24.9	246.0	20.0	1.1	2.1	2.5	0.3	200.0	1135.0	4.0	319.2	17.5	56.12829324
Centro	Valparaiso	5	El Quisco	5604	urbano	2	94	10.9	40.7	47.5	11.9	14.2	100.0	0.0	15.2	51.0	12.0	0.9	1.1	1.3	0.1	115.0	279.0	2.0	461.4	10.4	90.29779059
Centro	Valparaiso	5	El Tabo	5605	urbano	2	69	10.1	45.6	50.6	3.8	3.0	96.0	0.0	11.4	99.0	8.0	0.6	1.8	1.0	0.1	54.0	85.0	1.0	328.6	8.0	86.34714053
Centro	Valparaiso	5	Santo Domingo	5606	rural	2	105	9.2	52.4	41.5	6.1	20.5	21.0	0.0	9.1	536.0	8.0	1.4	31.3	5.0	0.9	117.0	559.0	4.0	354.6	6.5	161.7624403
Centro	Valparaiso	5	San Felipe	5701	rural	4	398	9.6	51.7	41.0	7.3	9.0	543.0	2.0	77.5	186.0	13.0	5.0	20.4	34.7	3.1	1085.0	6871.0	20.0	324.4	54.3	73.29110194
Centro	Valparaiso	5	Catemu	5702	rural	2	57	8.5	62.7	31.4	5.9	7.4	52.0	0.0	13.3	362.0	10.0	0.7	1.2	2.0	0.2	187.0	512.0	3.0	278.8	9.3	61.26397248
Centro	Valparaiso	5	Llaillay	5703	rural	3	121	9.9	40.8	55.3	3.9	11.3	182.0	1.0	23.6	349.0	16.0	1.2	4.0	5.9	0.5	274.0	1394.0	4.0	272.9	16.8	72.21724858
Centro	Valparaiso	5	Panquehue	5704	rural	1	34	9.4	49.1	44.6	6.3	9.4	12.0	0.0	7.5	122.0	12.0	0.5	2.6	5.1	0.4	141.0	329.0	2.0	380.2	5.3	64.23578311
Centro	Valparaiso	5	Putaendo	5705	rural	3	65	10.0	40.8	51.7	7.5	8.3	32.0	0.0	17.2	1474.0	10.0	0.9	1.3	2.9	0.2	219.0	341.0	3.0	312.8	11.9	54.60349462
Centro	Valparaiso	5	Santa María	5706	rural	2	77	9.7	47.0	47.7	5.3	7.4	37.0	0.0	14.6	166.0	9.0	0.8	2.2	5.3	0.3	185.0	716.0	4.0	266.5	10.1	75.91442374
Centro	Valparaiso	5	Quilpué	5801	urbano	5	594	11.7	28.6	55.6	15.8	13.4	1020.0	2.0	161.0	537.0	13.0	6.4	18.6	31.3	2.9	1969.0	10822.0	39.0	456.0	118.3	50.19902137
Centro	Valparaiso	5	Limache	5802	rural	4	197	8.9	56.6	41.0	2.3	6.5	170.0	2.0	45.4	294.0	12.0	2.5	7.3	10.2	0.8	517.0	2598.0	11.0	239.9	32.0	61.5625
Centro	Valparaiso	5	Olmué	5803	rural	3	50	9.6	46.4	42.9	10.7	8.9	19.0	0.0	16.1	232.0	10.0	0.9	2.1	3.6	0.3	170.0	586.0	2.0	324.3	11.3	44.1774165
Centro	Valparaiso	5	Villa Alemana	5804	urbano	5	381	11.7	32.7	50.7	16.6	11.7	702.0	4.0	131.9	97.0	16.0	3.9	8.2	13.5	1.3	1261.0	6560.0	26.0	432.0	95.5	39.90406267
Centro	Ohiggins	6	Rancagua	6101	urbano	5	1040	10.9	40.5	49.4	10.1	14.2	2531.0	18.0	248.0	260.0	12.0	11.2	206.3	113.7	13.4	2687.0	19547.0	49.0	386.3	179.5	57.9293596
Centro	Ohiggins	6	Codegua	6102	rural	2	56	9.3	54.1	40.3	5.7	9.8	48.0	1.0	12.6	287.0	10.0	0.5	2.6	3.5	0.2	111.0	437.0	2.0	276.2	9.0	61.91265893
Centro	Ohiggins	6	Coinco	6103	rural	1	32	8.8	58.7	35.4	5.8	8.6	10.0	1.0	7.2	98.0	9.0	0.4	0.7	0.9	0.1	82.0	235.0	1.0	254.9	5.0	63.50466362
Centro	Ohiggins	6	Coltauco	6104	rural	3	71	9.0	54.3	39.3	6.4	1.6	34.0	1.0	17.5	225.0	14.0	1.0	4.7	14.9	0.8	222.0	1117.0	3.0	319.0	12.5	56.82272909
Centro	Ohiggins	6	Doñihue	6105	rural	3	73	9.4	48.3	47.2	4.5	9.0	39.0	1.0	20.2	78.0	15.0	0.9	5.5	6.7	0.9	228.0	774.0	2.0	280.6	14.4	50.56802438
Centro	Ohiggins	6	Graneros	6106	rural	4	126	9.3	53.3	43.0	3.6	7.2	152.0	2.0	30.7	113.0	13.0	1.3	7.9	12.0	0.7	371.0	2532.0	6.0	271.6	22.3	56.54534847
Centro	Ohiggins	6	Las Cabras	6107	rural	3	125	9.2	51.0	45.9	3.1	13.2	32.0	1.0	23.6	749.0	9.0	1.6	10.9	9.7	0.5	210.0	936.0	2.0	305.9	16.9	73.95574488
Centro	Ohiggins	6	Machalí	6108	rural	4	167	10.6	47.5	38.0	14.4	6.7	110.0	0.0	35.4	2586.0	18.0	1.5	3.4	6.5	0.6	537.0	2046.0	10.0	526.1	24.7	67.49110896
Centro	Ohiggins	6	Malloa	6109	rural	2	71	9.2	56.2	40.7	3.0	5.6	29.0	0.0	13.8	113.0	11.0	0.8	2.4	6.7	0.3	126.0	234.0	2.0	261.3	9.9	71.76066303
Centro	Ohiggins	6	Mostazal	6110	rural	3	99	9.6	51.7	41.6	6.7	3.2	109.0	0.0	26.7	524.0	12.0	1.0	19.2	17.0	1.4	214.0	651.0	4.0	354.1	19.0	52.21518987
Centro	Ohiggins	6	Olivar	6111	rural	2	62	9.4	52.2	41.3	6.5	8.0	36.0	0.0	14.0	45.0	13.0	0.8	5.7	8.5	0.7	132.0	482.0	2.0	327.1	9.7	63.69426752
Centro	Ohiggins	6	Peumo	6112	rural	3	73	9.0	53.6	42.9	3.6	10.0	19.0	0.0	15.4	153.0	15.0	0.9	2.5	4.1	0.3	142.0	582.0	2.0	297.5	11.1	65.93208092
Centro	Ohiggins	6	Pichidegua	6113	rural	3	122	8.2	61.4	33.2	5.4	4.6	14.0	0.0	19.2	320.0	12.0	1.4	6.9	5.2	0.5	159.0	561.0	1.0	285.5	13.9	87.88992148
Centro	Ohiggins	6	Quinta de Tilcoco	6114	rural	2	56	9.1	56.3	40.2	3.4	5.3	12.0	1.0	12.1	93.0	9.0	0.9	1.8	2.9	0.2	144.0	657.0	2.0	252.4	8.9	63.21255221
Centro	Ohiggins	6	Rengo	6115	rural	4	220	9.9	46.6	43.4	10.0	8.7	245.0	2.0	60.9	592.0	12.0	2.7	11.2	20.8	1.3	718.0	3864.0	11.0	362.7	43.3	50.83179298
Centro	Ohiggins	6	Requinoa	6116	rural	3	123	9.4	50.7	42.8	6.5	13.3	71.0	1.0	26.0	673.0	10.0	1.4	11.2	12.5	0.9	234.0	1262.0	3.0	280.3	18.6	66.01545728
Centro	Ohiggins	6	San Vicente	6117	rural	4	251	10.0	47.3	45.6	7.1	12.7	95.0	0.0	47.2	476.0	7.0	3.5	5.8	11.1	0.8	526.0	3176.0	8.0	281.3	33.4	75.04409962
Centro	Ohiggins	6	Pichilemu	6201	rural	2	111	8.9	57.1	36.1	6.8	10.8	39.0	1.0	14.9	749.0	18.0	1.2	1.4	1.6	0.2	160.0	804.0	3.0	250.0	10.9	101.9939355
Centro	Ohiggins	6	La Estrella	6202	rural	1	13	10.5	29.0	66.1	4.8	3.3	2.0	0.0	4.8	435.0	16.0	0.2	0.6	0.4	0.1	23.0	0.0	0.0	331.8	3.6	35.77325261
Centro	Ohiggins	6	Litueche	6203	rural	1	38	9.2	48.9	46.0	5.2	8.0	5.0	1.0	5.6	619.0	16.0	0.3	0.6	0.7	0.1	82.0	255.0	1.0	263.5	4.0	96.15384615
Centro	Ohiggins	6	Marchihue	6204	rural	1	47	9.2	51.7	41.6	6.7	2.4	7.0	0.0	7.8	660.0	8.0	0.5	1.1	2.7	0.1	76.0	247.0	1.0	389.7	5.6	83.52585747
Centro	Ohiggins	6	Navidad	6205	rural	1	21	8.3	60.8	34.3	4.9	7.8	3.0	1.0	5.5	300.0	10.0	0.3	0.3	0.6	0.1	74.0	230.0	1.0	341.0	3.8	55.20504732
Centro	Ohiggins	6	Paredones	6206	rural	1	25	7.9	69.6	25.7	4.7	9.6	2.0	0.0	6.8	562.0	17.0	0.4	0.4	1.7	0.1	66.0	155.0	1.0	323.3	4.9	51.37690095
Centro	Ohiggins	6	San Fernando	6301	rural	4	449	10.7	42.9	46.9	10.1	19.9	545.0	3.0	73.2	2441.0	14.0	4.9	34.0	32.5	2.7	1086.0	7697.0	23.0	335.2	52.5	85.54825188
Centro	Ohiggins	6	Chépica	6302	rural	2	86	8.1	61.5	36.3	2.2	2.6	9.0	0.0	13.8	503.0	16.0	1.1	1.5	3.1	0.2	154.0	525.0	1.0	268.4	10.1	85.47008547
Centro	Ohiggins	6	Chimbarongo	6303	rural	4	205	9.1	54.2	40.8	5.1	7.1	109.0	1.0	34.6	498.0	18.0	2.6	5.2	12.1	0.7	426.0	2110.0	8.0	262.8	24.9	82.35246857
Centro	Ohiggins	6	Lolol	6304	rural	1	34	8.9	59.0	33.2	7.8	8.8	1.0	2.0	6.6	597.0	17.0	0.4	0.7	1.8	0.1	69.0	373.0	1.0	288.4	4.7	72.14088691
Centro	Ohiggins	6	Nancagua	6305	rural	3	76	9.4	50.3	41.7	8.0	3.7	36.0	1.0	17.3	111.0	14.0	1.2	2.5	6.8	0.4	178.0	678.0	2.0	288.1	12.3	61.59332199
Centro	Ohiggins	6	Palmilla	6306	rural	2	49	8.7	52.1	43.8	4.2	11.7	2.0	0.0	11.7	237.0	9.0	1.0	4.1	3.8	0.2	92.0	264.0	2.0	285.4	8.6	56.67360629
Centro	Ohiggins	6	Peralillo	6307	rural	2	62	8.8	60.7	34.9	4.4	11.9	10.0	0.0	10.5	283.0	20.0	0.8	2.7	3.6	0.3	100.0	401.0	1.0	219.8	7.6	81.71872941
Centro	Ohiggins	6	Placilla	6308	rural	1	77	8.7	60.6	36.3	3.2	10.3	7.0	0.0	8.5	147.0	16.0	0.7	1.4	6.3	0.3	90.0	63.0	1.0	218.4	6.1	125.5503016
Centro	Ohiggins	6	Pumanque	6309	rural	1	13	8.0	59.7	37.5	2.8	2.9	2.0	1.0	3.1	441.0	11.0	0.2	0.2	0.2	0.0	19.0	0.0	0.0	273.2	2.2	57.93226381
Centro	Ohiggins	6	Santa Cruz	6310	rural	4	246	9.9	50.2	39.1	10.7	5.5	90.0	0.0	36.7	420.0	15.0	3.0	9.6	12.8	1.1	557.0	3946.0	8.0	386.6	26.0	94.60810707
Sur	Maule	7	Talca	7101	urbano	5	1211	10.2	43.8	47.1	9.0	10.9	1133.0	7.0	246.3	232.0	19.0	13.4	67.5	76.0	10.1	2589.0	19402.0	44.0	348.4	178.0	68.04938216
Sur	Maule	7	Constitución	7102	rural	4	224	9.3	52.5	41.5	6.0	9.4	59.0	2.0	54.4	1344.0	19.0	2.6	49.6	14.0	1.7	437.0	3000.0	9.0	354.6	38.4	58.32118309
Sur	Maule	7	Curepto	7103	rural	2	32	8.4	60.2	37.2	2.6	11.0	1.0	0.0	9.5	1074.0	13.0	0.4	0.5	0.7	0.1	103.0	304.0	1.0	260.5	6.7	47.70423375
Sur	Maule	7	Empedrado	7104	rural	1	14	7.7	64.7	33.7	1.6	6.6	1.0	0.0	4.0	565.0	34.0	0.2	0.5	0.4	0.0	13.0	174.0	1.0	211.5	2.7	51.15089514
Sur	Maule	7	Maule	7105	rural	3	159	8.6	59.8	38.7	1.5	5.0	68.0	0.0	21.5	238.0	19.0	1.6	4.9	4.9	0.4	207.0	729.0	3.0	270.7	15.3	103.9623382
Sur	Maule	7	Pelarco	7106	rural	1	49	8.0	58.5	38.9	2.6	10.4	12.0	0.0	7.0	332.0	22.0	0.6	1.0	1.1	0.1	85.0	182.0	1.0	237.2	5.1	96.99129058
Sur	Maule	7	Pencahue	7107	rural	2	40	7.7	64.6	35.4	0.0	7.5	8.0	0.0	9.1	957.0	7.0	0.5	1.2	2.6	0.2	50.0	135.0	1.0	280.3	6.5	61.51953245
Sur	Maule	7	Río Claro	7108	rural	2	64	7.8	61.6	35.1	3.3	4.4	13.0	1.0	13.0	431.0	18.0	0.8	0.8	2.1	0.2	109.0	181.0	1.0	262.9	9.3	68.50781417
Sur	Maule	7	San Clemente	7109	rural	4	164	7.7	67.6	29.9	2.5	8.0	31.0	2.0	39.1	4504.0	16.0	2.3	3.9	6.8	0.6	368.0	679.0	2.0	237.0	27.4	59.82781264
Sur	Maule	7	San Rafael	7110	rural	1	33	8.1	64.8	33.8	1.4	3.5	16.0	0.0	8.4	264.0	27.0	0.5	1.7	1.7	0.2	71.0	0.0	0.0	245.2	5.9	55.84701303
Sur	Maule	7	Cauquenes	7201	rural	4	190	8.5	56.9	36.3	6.8	3.1	63.0	3.0	42.9	2126.0	29.0	2.8	4.1	7.4	0.6	492.0	3292.0	9.0	222.0	29.9	63.46237349
Sur	Maule	7	Chanco	7202	rural	2	46	7.5	71.6	25.1	3.3	5.0	2.0	0.0	9.6	530.0	21.0	0.4	0.6	0.8	0.1	99.0	344.0	1.0	222.7	6.7	68.62598836
Sur	Maule	7	Pelluhue	7203	rural	1	66	7.7	69.6	28.1	2.3	4.4	3.0	0.0	7.8	371.0	28.0	0.5	0.6	0.9	0.1	83.0	223.0	1.0	249.1	5.7	116.6902405
Sur	Maule	7	Curicó	7301	rural	5	943	10.1	46.2	44.5	9.3	6.6	797.0	6.0	141.0	1328.0	22.0	9.9	45.3	78.3	5.0	1727.0	11670.0	34.0	361.0	103.1	91.50187273
Sur	Maule	7	Hualañé	7302	rural	2	52	8.1	63.2	34.6	2.3	7.9	4.0	0.0	10.3	629.0	32.0	0.7	1.0	1.5	0.1	105.0	505.0	1.0	247.7	7.5	69.65840589
Sur	Maule	7	Licantén	7303	rural	1	40	7.6	67.0	30.2	2.8	9.9	8.0	1.0	7.6	273.0	16.0	0.5	0.6	1.0	0.1	74.0	304.0	2.0	255.9	5.5	72.54261879
Sur	Maule	7	Molina	7304	rural	4	215	8.4	57.6	37.3	5.1	8.5	149.0	0.0	42.6	1552.0	24.0	2.3	7.2	15.0	1.0	436.0	2277.0	7.0	275.9	31.0	69.41977979
Sur	Maule	7	Rauco	7305	rural	2	60	8.3	62.5	33.6	3.9	7.1	8.0	1.0	9.6	309.0	15.0	0.6	0.8	2.6	0.1	95.0	212.0	2.0	284.1	6.9	86.64259928
Sur	Maule	7	Romeral	7306	rural	2	108	8.8	57.0	39.1	3.9	3.0	16.0	0.0	14.5	1597.0	11.0	1.4	13.0	23.1	1.2	166.0	602.0	2.0	267.0	10.6	101.6279289
Sur	Maule	7	Sagrada Familia	7307	rural	3	91	7.7	66.8	30.4	2.9	2.3	14.0	0.0	18.6	549.0	16.0	1.1	4.4	10.1	0.5	151.0	386.0	1.0	235.7	13.6	67.08935417
Sur	Maule	7	Teno	7308	rural	4	151	8.6	59.2	36.9	3.8	5.2	34.0	2.0	27.8	618.0	15.0	2.0	7.0	9.1	0.6	318.0	1558.0	3.0	278.6	20.0	75.34178226
Sur	Maule	7	Vichuquén	7309	rural	1	21	8.2	67.8	28.2	4.0	4.0	1.0	0.0	5.0	426.0	16.0	0.3	1.5	0.5	0.1	59.0	168.0	2.0	271.7	3.5	59.17159763
Sur	Maule	7	Linares	7401	rural	5	482	9.0	56.3	40.0	3.7	7.6	481.0	2.0	91.1	1466.0	27.0	5.7	17.2	30.3	2.0	1194.0	9085.0	22.0	253.6	65.2	73.93318404
Sur	Maule	7	Colbún	7402	rural	3	79	7.8	64.6	33.7	1.7	6.0	16.0	0.0	18.6	2900.0	15.0	1.1	1.4	3.5	0.3	179.0	527.0	1.0	224.0	13.2	59.99392467
Sur	Maule	7	Longaví	7403	rural	4	160	7.6	67.2	30.4	2.3	1.8	17.0	1.0	28.8	1454.0	14.0	2.4	2.9	5.6	0.4	295.0	1129.0	10.0	207.6	20.8	77.03418392
Sur	Maule	7	Parral	7404	rural	4	175	8.5	59.6	35.8	4.7	3.9	105.0	0.0	37.7	1638.0	27.0	3.4	6.7	8.5	0.7	506.0	2678.0	10.0	245.9	26.9	65.14779242
Sur	Maule	7	Retiro	7405	rural	3	99	8.9	58.1	36.6	5.3	10.9	7.0	0.0	17.4	827.0	26.0	1.9	2.4	4.3	0.3	203.0	1237.0	4.0	243.4	12.5	79.48615014
Sur	Maule	7	San Javier	7406	rural	4	197	8.7	58.5	38.5	3.0	7.1	63.0	2.0	40.7	1313.0	24.0	2.7	7.0	12.0	0.9	505.0	2918.0	7.0	230.8	29.0	67.90293672
Sur	Maule	7	Villa Alegre	7407	rural	2	73	8.2	60.1	37.6	2.3	11.2	18.0	0.0	14.6	190.0	18.0	0.9	2.2	3.6	0.3	165.0	493.0	2.0	219.9	10.4	70.23958434
Sur	Maule	7	Yerbas Buenas	7408	rural	3	113	8.3	60.1	37.1	2.8	4.0	17.0	1.0	17.1	262.0	10.0	1.2	1.9	3.6	0.2	166.0	701.0	4.0	298.9	12.4	91.21730707
Sur	Biobio	8	Concepción	8101	urbano	5	1513	11.3	37.5	48.1	14.3	22.5	3364.0	4.0	229.2	222.0	14.0	19.0	150.1	161.0	21.4	2854.0	23551.0	58.0	522.8	171.0	88.47384086
Sur	Biobio	8	Coronel	8102	urbano	5	459	10.2	43.8	48.8	7.4	7.6	886.0	7.0	109.6	279.0	26.0	4.0	42.2	35.7	3.8	1143.0	8010.0	16.0	362.7	79.8	57.54042873
Sur	Biobio	8	Chiguayante	8103	urbano	5	329	12.1	30.9	48.6	20.6	5.0	519.0	1.0	123.7	72.0	18.0	2.9	14.2	10.0	1.0	1016.0	4897.0	19.0	635.0	89.4	36.81160069
Sur	Biobio	8	Florida	8104	rural	2	30	8.7	52.1	41.7	6.2	13.8	17.0	0.0	9.8	609.0	19.0	0.3	0.6	0.9	0.1	135.0	429.0	3.0	270.4	7.0	42.61363636
Sur	Biobio	8	Hualqui	8105	rural	3	112	8.7	62.7	33.6	3.7	13.1	97.0	3.0	22.6	531.0	27.0	0.7	13.9	1.6	0.2	257.0	648.0	1.0	220.9	15.8	70.80093558
Sur	Biobio	8	Lota	8106	urbano	4	185	9.4	44.8	50.4	4.9	27.5	468.0	2.0	47.5	136.0	29.0	1.6	6.5	6.4	0.8	577.0	3400.0	7.0	267.2	34.8	53.17467161
Sur	Biobio	8	Penco	8107	urbano	4	184	9.6	47.8	46.5	5.7	16.7	395.0	3.0	53.6	108.0	27.0	1.5	5.1	9.9	0.9	440.0	1033.0	4.0	273.8	39.4	46.75509478
Sur	Biobio	8	San Pedro de la Paz	8108	urbano	5	653	11.0	42.6	43.0	14.4	5.8	1102.0	9.0	97.6	113.0	14.0	4.5	158.3	35.5	3.7	1217.0	4853.0	15.0	537.4	5.6	1165.863239
Sur	Biobio	8	Santa Juana	8109	rural	2	43	8.7	57.7	40.0	2.3	10.8	21.0	0.0	13.4	731.0	23.0	0.4	1.4	1.5	0.2	155.0	640.0	1.0	388.5	9.5	45.22031759
Sur	Biobio	8	Talcahuano	8110	rural	5	633	11.0	39.3	48.8	11.9	12.9	968.0	1.0	171.6	92.0	17.0	7.1	102.0	55.1	9.4	1607.0	9562.0	18.0	383.7	126.0	50.24367787
Sur	Biobio	8	Tomé	8111	rural	4	246	9.6	49.5	45.3	5.3	12.2	150.0	1.0	56.2	495.0	24.0	2.2	10.4	11.0	1.5	630.0	3529.0	5.0	248.5	40.2	61.1575179
Sur	Biobio	8	Hualpén	8112	rural	5	311	11.1	35.7	52.3	12.0	23.2	697.0	4.0	85.1	54.0	18.0	2.4	11.9	11.6	1.7	787.0	3119.0	9.0	381.9	62.9	49.44120312
Sur	Biobio	8	Lebu	8201	rural	3	111	8.9	55.0	39.2	5.8	23.6	101.0	1.0	25.8	561.0	36.0	0.9	2.0	3.3	0.8	324.0	1714.0	3.0	250.9	17.8	62.31054227
Sur	Biobio	8	Arauco	8202	rural	4	177	9.8	48.9	45.7	5.4	15.0	71.0	0.0	42.4	956.0	18.0	1.8	49.5	14.4	2.2	490.0	2185.0	9.0	264.4	29.9	59.27463916
Sur	Biobio	8		8203	rural	4	173	8.4	58.7	37.7	3.6	25.3	114.0	3.0	33.9	760.0	25.0	1.7	3.8	5.0	0.6	457.0	2901.0	6.0	240.6	23.4	73.83696116
Sur	Biobio	8	Contulmo	8204	rural	1	26	8.0	64.7	32.7	2.6	11.7	5.0	0.0	5.0	962.0	23.0	0.2	0.4	0.5	0.1	86.0	322.0	1.0	224.0	3.5	73.69614512
Sur	Biobio	8	Curanilahue	8205	rural	4	133	9.2	52.1	42.9	5.0	28.4	151.0	1.0	30.4	994.0	31.0	1.4	4.3	5.8	0.6	491.0	2649.0	5.0	267.4	21.4	62.20476124
Sur	Biobio	8	Los Alamos	8206	rural	3	96	8.6	59.6	36.2	4.3	32.1	60.0	4.0	21.1	599.0	32.0	0.7	1.8	3.8	0.3	268.0	1410.0	3.0	268.4	14.4	66.74082314
Sur	Biobio	8	Tirúa	8207	rural	2	48	8.1	60.3	38.5	1.1	15.3	13.0	0.0	11.1	624.0	25.0	0.4	0.6	0.7	0.1	145.0	274.0	1.0	205.1	7.4	64.51612903
Sur	Biobio	8	Los Angeles	8301	rural	5	1026	9.7	49.1	42.7	8.2	12.9	1749.0	7.0	201.5	1748.0	22.0	11.2	71.0	82.0	8.8	2286.0	14708.0	35.0	305.7	142.9	71.81655281
Sur	Biobio	8	Antuco	8302	rural	1	18	7.3	68.8	30.5	0.7	31.2	4.0	0.0	3.7	1884.0	29.0	0.1	0.2	0.3	0.1	61.0	227.0	1.0	269.2	2.5	71.45692735
Sur	Biobio	8	Cabrero	8303	rural	4	104	9.1	49.7	44.3	6.0	11.6	92.0	0.0	30.4	640.0	26.0	1.2	3.7	4.1	0.6	294.0	1638.0	3.0	320.3	21.2	49.04734956
Sur	Biobio	8	Laja	8304	rural	3	88	8.7	54.4	41.1	4.5	7.1	56.0	0.0	20.5	340.0	21.0	0.9	1.9	5.0	0.4	345.0	1826.0	5.0	272.8	14.4	61.25147908
Sur	Biobio	8	Mulchén	8305	rural	4	116	8.8	58.8	36.4	4.8	9.9	133.0	2.0	28.3	1925.0	22.0	1.4	2.4	2.9	0.2	335.0	1619.0	5.0	341.8	19.5	59.51770139
Sur	Biobio	8	Nacimiento	8306	rural	3	79	9.0	50.8	46.8	2.4	20.6	59.0	0.0	26.0	935.0	26.0	1.1	3.9	7.1	0.6	325.0	1844.0	4.0	321.5	18.3	43.27344435
Sur	Biobio	8	Negrete	8307	rural	1	34	8.4	53.7	44.5	1.8	17.2	7.0	0.0	8.9	157.0	28.0	0.4	1.1	3.1	0.1	116.0	453.0	2.0	293.1	6.2	54.41741357
Sur	Biobio	8	Quilaco	8308	rural	1	25	8.3	61.1	36.7	2.2	6.5	3.0	0.0	3.7	1124.0	27.0	0.2	0.1	0.4	0.0	36.0	64.0	1.0	215.9	2.5	98.54158455
Sur	Biobio	8	Quilleco	8309	rural	2	37	7.7	64.2	34.9	0.9	17.1	5.0	0.0	10.4	1122.0	25.0	0.3	0.5	1.2	0.1	106.0	399.0	2.0	197.9	7.2	51.66876135
Sur	Biobio	8	San Rosendo	8310	rural	1	8	9.3	50.9	44.8	4.3	23.7	6.0	0.0	3.5	92.0	26.0	0.1	0.1	0.3	0.0	34.0	168.0	1.0	269.1	2.5	32.29713363
Sur	Biobio	8	Santa Bárbara	8311	rural	2	66	8.5	58.3	38.8	2.9	6.9	57.0	1.0	14.8	1255.0	31.0	0.7	1.3	1.3	0.2	210.0	834.0	3.0	261.9	9.9	66.3917111
Sur	Biobio	8	Tucapel	8312	rural	2	62	8.9	53.0	42.1	5.0	17.2	25.0	0.0	13.5	915.0	21.0	0.6	5.3	1.6	0.3	182.0	580.0	2.0	274.7	9.5	65.42845082
Sur	Biobio	8	Yumbel	8313	rural	3	76	8.4	55.4	40.8	3.8	17.2	20.0	1.0	20.5	727.0	23.0	0.7	1.3	2.0	0.3	289.0	1267.0	5.0	239.8	14.6	52.15839682
Sur	Biobio	8	Alto Biobío	8314	rural	2	15	8.8	59.5	36.7	3.8	40.4	2.0	0.0	10.7	2125.0	45.0	0.1	0.0	0.3	0.1	73.0	159.0	1.0	384.2	8.6	17.52336449
Sur	Biobio	8	Chillán	8401	urbano	5	906	10.4	44.6	47.9	7.5	8.9	926.0	5.0	177.6	511.0	17.0	10.7	48.6	58.8	6.0	2308.0	14457.0	36.0	288.5	129.8	69.77442683
Sur	Biobio	8	Bulnes	8402	rural	3	98	8.8	54.0	42.5	3.5	10.8	61.0	0.0	21.6	425.0	23.0	1.2	4.2	4.1	0.5	320.0	1397.0	5.0	202.8	15.4	63.5291067
Sur	Biobio	8	Cobquecura	8403	rural	1	18	7.9	60.1	33.5	6.4	20.4	1.0	0.0	5.1	570.0	26.0	0.2	0.2	0.4	0.1	73.0	241.0	1.0	307.9	3.7	48.83342377
Sur	Biobio	8	Coelemu	8404	rural	2	47	8.6	55.9	38.4	5.7	11.3	14.0	0.0	15.3	342.0	24.0	0.9	2.7	3.4	0.4	217.0	1066.0	2.0	423.8	11.3	41.70363798
Sur	Biobio	8	Coihueco	8405	rural	3	106	8.5	62.1	34.3	3.6	15.5	24.0	1.0	24.8	1777.0	27.0	1.3	2.8	6.8	0.4	297.0	948.0	4.0	219.0	17.4	60.89154412
Sur	Biobio	8	Chillán Viejo	8406	urbano	4	129	9.4	50.8	43.4	5.8	18.3	60.0	0.0	30.8	292.0	21.0	0.8	3.2	4.4	0.4	286.0	1926.0	6.0	230.2	21.2	60.88064562
Sur	Biobio	8	El Carmen	8407	rural	2	86	8.7	56.5	38.7	4.8	8.4	17.0	0.0	11.6	664.0	24.0	0.7	1.0	1.7	0.2	161.0	733.0	1.0	284.9	8.0	107.0450585
Sur	Biobio	8	Ninhue	8408	rural	1	19	7.8	67.3	23.5	9.2	9.5	2.0	0.0	5.2	401.0	25.0	0.2	0.2	0.4	0.1	82.0	259.0	1.0	227.5	3.5	53.8701446
Sur	Biobio	8	Ñiquén	8409	rural	2	54	8.1	63.1	35.2	1.7	2.9	10.0	0.0	9.8	493.0	12.0	0.8	0.6	1.0	0.1	168.0	351.0	5.0	239.0	6.9	78.3062645
Sur	Biobio	8	Pemuco	8410	rural	2	23	8.4	62.4	32.1	5.5	5.5	29.0	0.0	9.1	563.0	26.0	0.4	2.3	1.1	0.2	105.0	392.0	1.0	225.2	6.5	35.15207092
Sur	Biobio	8	Pinto	8411	rural	2	54	8.4	64.3	30.2	5.5	15.1	13.0	1.0	11.1	1164.0	21.0	0.7	1.1	1.5	0.2	185.0	695.0	3.0	884.4	7.9	68.28528073
Sur	Biobio	8	Portezuelo	8412	rural	1	20	7.5	68.6	30.8	0.6	12.6	2.0	0.0	4.9	282.0	26.0	0.2	0.2	0.7	0.1	96.0	259.0	2.0	181.3	3.4	58.66823115
Sur	Biobio	8	Quillón	8413	rural	3	76	9.1	50.7	42.7	6.6	5.3	42.0	0.0	15.5	423.0	23.0	0.9	3.7	1.2	0.2	169.0	317.0	1.0	283.3	11.1	68.59205776
Sur	Biobio	8	Quirihue	8414	rural	2	36	8.9	53.4	42.5	4.1	15.4	11.0	1.0	11.9	589.0	25.0	0.5	1.1	2.0	0.2	165.0	695.0	2.0	219.3	8.6	42.00210011
Sur	Biobio	8	Ranquil	8415	rural	1	28	9.4	54.0	38.6	7.4	16.4	10.0	0.0	4.8	248.0	18.0	0.3	1.0	1.4	0.2	42.0	275.0	1.0	281.4	3.5	79.86309184
Sur	Biobio	8	San Carlos	8416	rural	4	314	9.3	51.6	42.6	5.8	8.8	118.0	4.0	51.4	874.0	20.0	3.8	6.0	10.2	1.0	771.0	3829.0	16.0	262.1	37.2	84.44719361
Sur	Biobio	8	San Fabián	8417	rural	1	16	7.7	65.1	33.6	1.3	11.4	2.0	0.0	3.5	1568.0	24.0	0.2	0.4	0.9	0.1	77.0	194.0	1.0	214.8	2.5	64.23123244
Sur	Biobio	8	San Ignacio	8418	rural	3	67	8.1	60.4	36.2	3.4	16.3	14.0	1.0	15.6	364.0	27.0	0.8	1.2	2.5	0.2	213.0	857.0	6.0	202.6	11.1	60.54034517
Sur	Biobio	8	San Nicolás	8419	rural	2	48	8.5	55.3	37.9	6.7	15.6	10.0	1.0	10.1	491.0	21.0	0.5	0.6	2.6	0.2	177.0	845.0	2.0	224.3	7.3	65.75342466
Sur	Biobio	8	Treguaco	8420	rural	1	20	8.0	59.8	35.8	4.5	13.1	1.0	0.0	4.9	313.0	24.0	0.2	0.7	1.0	0.1	73.0	323.0	1.0	314.3	3.5	57.42176285
Sur	Biobio	8	Yungay	8421	rural	3	75	10.4	39.8	52.0	8.2	8.5	27.0	0.0	18.5	824.0	21.0	0.9	2.1	4.2	0.5	205.0	1196.0	4.0	360.0	13.4	56.06219166
Sur	Araucania	9	Temuco	9101	urbano	5	1697	11.1	39.8	48.7	11.5	16.5	2032.0	9.0	309.4	464.0	21.0	17.1	93.4	120.7	13.6	3259.0	24925.0	68.0	412.3	224.5	75.58616021
Sur	Araucania	9	Carahue	9102	rural	3	138	8.7	58.5	37.6	3.9	21.5	50.0	0.0	25.6	1341.0	33.0	1.0	1.3	1.0	0.2	325.0	1653.0	3.0	285.7	17.3	79.73652279
Sur	Araucania	9	Cunco	9103	rural	3	74	8.8	58.0	40.6	1.4	9.5	19.0	0.0	19.0	1907.0	28.0	0.8	1.7	1.1	0.2	241.0	1414.0	5.0	198.3	12.7	58.33661805
Sur	Araucania	9	Curarrehue	9104	rural	1	43	7.8	71.3	26.7	2.0	12.0	7.0	0.0	7.7	1171.0	23.0	0.3	0.2	0.3	0.1	98.0	305.0	2.0	248.7	5.0	85.87976832
Sur	Araucania	9	Freire	9105	rural	4	116	7.5	66.8	31.3	1.9	13.2	47.0	0.0	27.9	935.0	32.0	1.0	3.0	3.6	0.3	290.0	961.0	3.0	234.1	19.4	59.86169883
Sur	Araucania	9	Galvarino	9106	rural	2	52	7.8	62.3	32.9	4.8	7.0	7.0	1.0	11.0	568.0	26.0	0.3	1.0	1.1	0.2	195.0	723.0	2.0	207.8	7.4	70.27027027
Sur	Araucania	9	Gorbea	9107	rural	3	70	7.9	65.2	33.4	1.4	31.5	24.0	0.0	15.5	695.0	27.0	0.9	2.3	5.6	0.3	157.0	454.0	2.0	215.8	11.0	63.59011628
Sur	Araucania	9	Lautaro	9108	rural	4	208	7.7	59.9	38.8	1.3	17.0	80.0	0.0	35.9	901.0	31.0	1.6	12.2	9.0	1.0	409.0	2113.0	5.0	215.7	25.2	82.62821277
Sur	Araucania	9	Loncoche	9109	rural	3	124	9.6	46.8	46.1	7.0	4.8	38.0	1.0	21.9	977.0	37.0	1.0	1.1	2.4	0.2	223.0	1306.0	3.0	336.1	15.0	82.48519923
Sur	Araucania	9	Melipeuco	9110	rural	1	26	8.8	56.6	39.7	3.7	12.4	3.0	0.0	5.4	1107.0	28.0	0.2	0.2	0.2	0.0	56.0	195.0	3.0	288.5	3.6	72.1220527
Sur	Araucania	9	Nueva Imperial	9111	rural	4	170	10.0	47.0	44.7	8.3	9.8	64.0	1.0	32.4	733.0	28.0	1.2	2.3	3.0	0.3	498.0	3038.0	10.0	334.5	22.5	75.3947135
Sur	Araucania	9	Padre Las Casas	9112	rural	4	254	9.0	56.9	41.0	2.1	12.7	208.0	3.0	74.8	401.0	28.0	1.8	7.7	10.1	1.3	697.0	2679.0	9.0	222.6	53.0	47.95529207
Sur	Araucania	9	Perquenco	9113	rural	1	27	8.4	58.9	36.2	4.9	8.8	6.0	0.0	7.0	331.0	32.0	0.3	0.8	0.5	0.1	95.0	541.0	2.0	263.4	4.8	56.1680882
Sur	Araucania	9	Pitrufquén	9114	rural	3	118	9.2	52.2	43.2	4.7	23.0	41.0	1.0	24.0	581.0	20.0	1.2	4.3	3.1	0.4	334.0	2761.0	8.0	277.5	16.8	70.20048783
Sur	Araucania	9	Pucón	9115	rural	4	174	9.0	58.0	33.3	8.7	6.7	68.0	0.0	32.2	1249.0	20.0	1.9	4.7	8.3	0.6	322.0	1556.0	6.0	373.7	22.6	76.86530901
Sur	Araucania	9	Saavedra	9116	rural	2	44	8.5	60.7	37.5	1.7	25.6	14.0	1.0	13.3	401.0	33.0	0.3	0.4	0.8	0.1	194.0	703.0	5.0	244.6	9.1	48.24561404
Sur	Araucania	9	Teodoro Schmidt	9117	rural	3	66	7.8	63.4	33.9	2.7	10.7	10.0	0.0	15.8	650.0	30.0	0.7	1.1	1.7	0.1	150.0	388.0	4.0	260.4	11.2	58.88650964
Sur	Araucania	9	Toltén	9118	rural	2	25	8.8	56.1	38.9	4.9	8.4	6.0	1.0	10.2	860.0	34.0	0.4	0.6	0.6	0.1	124.0	385.0	2.0	251.7	6.9	36.2739408
Sur	Araucania	9	Vilcún	9119	rural	3	96	8.0	60.2	37.9	1.9	17.5	43.0	1.0	24.0	1421.0	24.0	1.1	3.8	3.8	0.4	336.0	1520.0	7.0	223.4	16.5	58.17124159
Sur	Araucania	9	Villarrica	9120	rural	4	337	8.8	56.9	37.8	5.3	13.4	144.0	2.0	58.4	1291.0	22.0	3.2	7.5	11.4	1.0	712.0	4668.0	14.0	332.3	40.4	83.51092828
Sur	Araucania	9	Cholchol	9121	rural	2	56	8.2	58.0	38.7	3.3	13.8	11.0	1.0	10.9	428.0	33.0	0.1	0.2	0.8	0.1	180.0	940.0	6.0	305.3	7.0	79.52286282
Sur	Araucania	9	Angol	9201	rural	4	224	9.8	48.2	43.3	8.5	15.2	168.0	0.0	51.2	1194.0	38.0	2.5	7.0	18.4	1.5	670.0	5371.0	14.0	332.5	35.8	62.55760047
Sur	Araucania	9	Collipulli	9202	rural	3	95	8.8	57.5	37.2	5.3	13.5	77.0	4.0	21.4	1296.0	36.0	1.0	2.9	5.0	0.4	280.0	1369.0	3.0	349.5	14.8	64.19786458
Sur	Araucania	9	Curacautín	9203	rural	3	63	9.4	46.8	45.2	8.1	11.4	7.0	0.0	15.4	1664.0	34.0	1.2	1.3	1.3	0.2	212.0	1065.0	2.0	336.9	10.8	58.59920007
Sur	Araucania	9	Ercilla	9204	rural	2	24	7.4	70.1	28.4	1.4	15.7	20.0	1.0	9.1	500.0	36.0	0.2	0.5	2.0	0.1	105.0	501.0	3.0	180.6	6.1	39.20287488
Sur	Araucania	9	Lonquimay	9205	rural	2	28	8.4	58.3	38.0	3.8	25.3	5.0	0.0	11.5	3914.0	31.0	0.4	0.6	0.7	0.1	129.0	420.0	1.0	283.3	7.7	36.37308392
Sur	Araucania	9	Los Sauces	9206	rural	1	26	7.8	61.3	38.7	0.0	12.4	13.0	0.0	6.2	850.0	36.0	0.3	0.9	2.0	0.1	102.0	420.0	1.0	314.7	4.2	61.26295947
Sur	Araucania	9	Lumaco	9207	rural	2	26	7.4	69.1	27.7	3.2	15.0	4.0	2.0	10.2	1119.0	37.0	0.4	0.8	1.3	0.2	97.0	290.0	1.0	266.0	7.1	36.4298725
Sur	Araucania	9	Purén	9208	rural	2	61	8.4	58.1	35.1	6.9	11.7	16.0	0.0	11.5	465.0	37.0	0.6	1.4	1.2	0.2	128.0	465.0	2.0	245.8	7.8	78.38601902
Sur	Araucania	9	Renaico	9209	rural	1	32	9.6	48.6	49.1	2.3	10.0	24.0	0.0	9.0	267.0	33.0	0.4	0.5	0.8	0.1	118.0	396.0	2.0	219.1	6.3	50.73727604
Sur	Araucania	9	Traiguén	9210	rural	3	67	8.4	61.0	33.2	5.8	30.8	40.0	1.0	18.0	908.0	31.0	1.0	1.8	3.1	0.3	293.0	1600.0	7.0	295.7	12.4	54.05841536
Sur	Araucania	9	Victoria	9211	rural	4	135	9.0	56.9	38.6	4.5	15.7	90.0	2.0	32.8	1256.0	31.0	2.0	6.0	6.0	0.8	432.0	2726.0	10.0	299.9	23.4	57.7120383
Sur	Los Lagos	10	Puerto Montt	10101	urbano	5	1531	9.8	48.7	43.1	8.2	9.9	1865.0	7.0	242.8	1673.0	15.0	14.1	236.4	107.9	12.5	2361.0	16081.0	49.0	399.7	175.1	87.45073399
Sur	Los Lagos	10	Calbuco	10102	rural	4	177	8.0	62.9	34.5	2.6	7.9	61.0	1.0	35.6	591.0	11.0	1.3	4.4	3.2	0.5	349.0	1682.0	4.0	299.0	24.8	71.26464549
Sur	Los Lagos	10	Fresia	10104	rural	2	79	8.6	59.8	32.1	8.1	8.7	19.0	0.0	12.3	1278.0	11.0	0.7	1.2	1.6	0.2	130.0	859.0	3.0	342.0	8.4	93.50218961
Sur	Los Lagos	10	Frutillar	10105	rural	3	109	8.5	57.9	38.7	3.4	4.6	23.0	1.0	18.2	831.0	16.0	1.2	3.3	3.5	0.4	239.0	1437.0	4.0	409.7	13.0	84.06601882
Sur	Los Lagos	10	Los Muermos	10106	rural	3	107	8.0	64.8	32.2	3.0	8.4	46.0	0.0	16.3	1246.0	15.0	1.1	2.2	1.4	0.2	193.0	939.0	4.0	361.1	11.7	91.38269707
Sur	Los Lagos	10	Llanquihue	10107	rural	3	93	9.5	52.0	40.5	7.6	7.2	27.0	0.0	18.4	421.0	18.0	0.9	6.3	4.6	0.6	177.0	724.0	3.0	495.6	13.0	71.72052132
Sur	Los Lagos	10	Maullín	10108	rural	2	142	8.3	59.3	38.2	2.6	10.9	12.0	0.0	13.5	861.0	14.0	0.7	0.9	0.9	0.1	179.0	618.0	4.0	290.5	9.6	147.5938052
Sur	Los Lagos	10	Puerto Varas	10109	rural	4	385	9.5	50.9	40.7	8.4	3.9	123.0	0.0	40.7	4065.0	12.0	3.6	26.1	15.6	1.9	545.0	2891.0	9.0	405.5	29.2	131.8041767
Sur	Los Lagos	10	Castro	10201	rural	4	271	9.5	51.1	40.5	8.4	15.3	232.0	2.0	53.1	473.0	12.0	3.1	10.7	13.6	1.6	613.0	4269.0	14.0	468.3	37.1	73.03991591
Sur	Los Lagos	10	Ancud	10202	rural	4	213	9.0	54.2	40.9	4.8	7.6	98.0	1.0	42.1	1752.0	10.0	3.0	9.4	11.1	1.0	600.0	3335.0	12.0	288.8	29.7	71.62071284
Sur	Los Lagos	10	Chonchi	10203	rural	2	72	8.2	65.3	31.7	3.0	9.9	26.0	1.0	15.0	1362.0	9.0	0.7	11.3	8.4	0.7	180.0	1435.0	2.0	280.1	10.8	66.72226856
Sur	Los Lagos	10	Curaco de Vélez	10204	rural	1	15	8.9	58.7	36.0	5.2	9.6	0.0	0.0	4.0	80.0	5.0	0.1	0.6	0.8	0.1	45.0	297.0	1.0	370.9	2.6	57.33944954
Sur	Los Lagos	10	Dalcahue	10205	rural	3	85	9.2	58.0	38.8	3.3	3.0	19.0	0.0	15.4	1239.0	8.0	0.7	2.4	4.6	0.3	163.0	467.0	1.0	325.9	10.5	80.65281336
Sur	Los Lagos	10	Puqueldón	10206	rural	1	8	8.4	60.2	37.9	1.9	17.9	0.0	0.0	4.1	97.0	7.0	0.1	0.1	0.3	0.0	40.0	0.0	0.0	287.0	2.8	28.93309222
Sur	Los Lagos	10	Queilén	10207	rural	1	20	7.7	72.8	24.0	3.2	13.6	1.0	0.0	5.3	333.0	12.0	0.2	0.3	0.5	0.1	57.0	214.0	1.0	343.2	3.7	53.92289027
Sur	Los Lagos	10	Quellón	10208	rural	4	143	8.6	62.9	32.8	4.3	6.1	157.0	1.0	33.1	3244.0	19.0	1.3	5.5	4.9	0.4	334.0	1446.0	6.0	378.3	24.0	59.56347884
Sur	Los Lagos	10	Quemchi	10209	rural	2	20	8.4	65.9	28.6	5.5	4.8	2.0	0.0	9.2	440.0	8.0	0.4	0.3	0.6	0.1	27.0	170.0	1.0	310.7	6.2	32.05128205
Sur	Los Lagos	10	Quinchao	10210	rural	1	36	9.8	51.7	37.2	11.1	0.5	2.0	1.0	9.0	161.0	8.0	0.3	0.6	1.4	0.1	153.0	697.0	2.0	350.7	6.1	58.94874734
Sur	Los Lagos	10	Osorno	10301	urbano	5	860	9.8	49.7	41.8	8.5	15.0	727.0	11.0	164.4	951.0	18.0	10.2	93.2	68.6	7.3	2100.0	13194.0	43.0	340.1	118.2	72.7395754
Sur	Los Lagos	10	Puerto Octay	10302	rural	2	58	8.6	62.2	35.4	2.4	7.0	7.0	0.0	9.2	1796.0	14.0	0.5	8.4	2.2	0.3	101.0	413.0	2.0	534.2	6.3	91.56930849
Sur	Los Lagos	10	Purranque	10303	rural	3	83	8.6	59.7	34.4	6.0	14.2	60.0	0.0	20.6	1459.0	20.0	1.2	5.1	7.6	0.5	286.0	1635.0	7.0	300.3	14.4	57.73913043
Sur	Los Lagos	10	Puyehue	10304	rural	2	81	8.0	62.5	33.8	3.7	12.3	22.0	1.0	11.3	1598.0	6.0	0.7	2.9	3.4	0.3	142.0	706.0	4.0	314.1	8.2	98.96151497
Sur	Los Lagos	10	Río Negro	10305	rural	2	79	9.0	57.2	34.7	8.1	10.0	32.0	0.0	13.1	1266.0	15.0	0.9	2.6	5.4	0.3	148.0	732.0	3.0	290.0	9.2	85.68329718
Sur	Los Lagos	10	San Juan de la Costa	10306	rural	1	37	7.0	72.8	24.7	2.5	8.1	5.0	0.0	7.8	1517.0	16.0	0.2	0.2	0.4	0.1	100.0	237.0	2.0	176.1	5.4	68.50583225
Sur	Los Lagos	10	San Pablo	10307	rural	1	49	8.0	64.3	31.6	4.0	10.2	8.0	0.0	8.9	637.0	14.0	0.5	2.2	3.2	0.2	129.0	452.0	2.0	239.0	6.2	79.64889467
Austral	Aysen	11	Coyhaique	11101	rural	4	343	10.0	49.5	40.2	10.2	6.9	222.0	8.0	58.6	7290.0	15.0	4.0	14.7	16.9	1.8	811.0	4259.0	15.0	480.7	41.2	83.23020553
Austral	Aysen	11	Aisén	11201	rural	3	123	9.3	53.3	39.4	7.4	9.0	48.0	1.0	26.8	29796.0	18.0	1.5	7.8	7.7	0.6	338.0	1684.0	7.0	423.6	19.2	64.07251133
Austral	Aysen	11		11202	rural	1	30	8.7	59.9	35.2	4.9	2.3	4.0	1.0	6.2	16093.0	6.0	0.5	0.7	1.1	0.1	67.0	159.0	1.0	413.1	4.6	65.71741512
Austral	Aysen	11	Cochrane	11301	rural	1	24	9.1	53.4	38.2	8.4	12.6	1.0	0.0	2.8	8599.0	15.0	0.2	0.5	0.3	0.0	47.0	255.0	1.0	526.0	1.9	126.6490765
Austral	Aysen	11	Chile Chico	11401	rural	1	14	9.7	50.3	39.7	10.1	7.3	2.0	0.0	5.3	4627.0	10.0	0.4	1.7	1.1	0.1	60.0	300.0	1.0	538.3	3.7	38.11598149
Austral	Aysen	11	Río Ibáñez	11402	rural	1	15	6.7	75.7	22.0	2.3	7.6			2.1	5997.0	8.0	0.2	0.2	0.2	0.0	27.0	20.0	1.0	308.3	1.5	101.2145749
Austral	Magallanes	12	Punta Arenas	12101	rural	5	769	11.0	37.0	50.6	12.4	9.9	358.0	5.0	125.2	17846.0	9.0	8.5	55.5	55.1	5.3	1573.0	8243.0	25.0	508.1	91.5	84.05933343
Austral	Magallanes	12	Porvenir	12301	rural	1	38	9.8	50.3	43.4	6.3	10.0	4.0	0.0	5.6	9707.0	8.0	0.6	6.6	3.2	0.2	73.0	321.0	1.0	636.2	4.2	89.53817154
Austral	Magallanes	12	Natales	12401	rural	3	169	9.5	49.9	42.2	7.9	9.4	25.0	0.0	21.2	49924.0	14.0	1.6	4.3	5.2	0.3	261.0	1316.0	6.0	452.3	15.3	110.5731484
Centro	Metropolitana	13	Santiago	13101	urbano	5	5257	13.2	23.6	49.8	26.6	8.6	9207.0	9.0	164.0	22.0	8.0	53.5	3244.2	1090.5	298.2	3992.0	50915.0	87.0	587.3	126.4	415.8854476
Centro	Metropolitana	13	Cerrillos	13102	urbano	4	268	10.4	40.5	50.9	8.6	19.2	1497.0	4.0	66.2	21.0	9.0	3.5	156.1	49.2	10.0	568.0	3694.0	9.0	371.8	47.4	56.56633881
Centro	Metropolitana	13	Cerro Navia	13103	urbano	5	464	9.1	50.7	46.1	3.3	6.5	1561.0	16.0	133.9	11.0	18.0	4.1	9.3	9.4	1.2	824.0	3015.0	7.0	241.5	93.3	49.70594222
Centro	Metropolitana	13	Conchalí	13104	urbano	5	446	10.2	41.9	51.3	6.8	8.6	1773.0	10.0	107.2	11.0	12.0	5.2	80.0	53.0	8.2	951.0	3812.0	10.0	349.2	76.6	58.20706576
Centro	Metropolitana	13	El Bosque	13105	urbano	5	614	9.2	50.6	46.7	2.8	8.4	2307.0	15.0	168.3	14.0	14.0	5.4	20.3	34.3	6.9	1572.0	9701.0	26.0	302.8	121.6	50.4734973
Centro	Metropolitana	13	Estación Central	13106	urbano	5	548	10.7	39.6	48.7	11.6	3.3	3183.0	9.0	111.7	14.0	10.0	6.7	113.2	80.4	12.5	1120.0	7040.0	20.0	360.5	82.9	66.07584253
Centro	Metropolitana	13	Huechuraba	13107	urbano	5	507	10.2	44.9	47.1	7.9	14.6	1089.0	4.0	85.8	45.0	17.0	4.9	484.2	266.5	37.5	596.0	1928.0	8.0	511.0	60.2	84.20807866
Centro	Metropolitana	13	Independencia	13108	urbano	4	398	12.0	26.0	58.5	15.5	5.0	1246.0	5.0	51.3	7.0	9.0	4.8	43.0	44.0	6.0	922.0	8927.0	22.0	471.2	36.6	108.668942
Centro	Metropolitana	13	La Cisterna	13109	urbano	4	480	10.3	39.1	54.7	6.2	9.3	1926.0	1.0	71.4	10.0	12.0	5.8	30.4	33.5	3.6	1429.0	15899.0	29.0	369.9	51.2	93.75366225
Centro	Metropolitana	13	La Florida	13110	urbano	5	1390	11.6	33.5	51.9	14.6	11.1	5421.0	18.0	398.4	71.0	10.0	15.0	81.7	62.0	6.9	3788.0	24534.0	89.0	448.0	294.1	47.26717516
Centro	Metropolitana	13	La Granja	13111	urbano	5	466	10.5	40.5	53.4	6.1	5.1	2191.0	7.0	123.4	10.0	23.0	4.0	18.4	15.4	1.9	859.0	3774.0	14.0	327.2	89.8	51.88905096
Centro	Metropolitana	13	La Pintana	13112	urbano	5	497	9.5	47.5	50.5	2.0	9.5	2879.0	24.0	202.6	31.0	28.0	4.3	16.6	16.1	2.0	1637.0	9463.0	32.0	287.5	144.4	34.42996585
Centro	Metropolitana	13	La Reina	13113	urbano	5	465	13.4	26.8	40.0	33.2	4.5	707.0	1.0	95.5	23.0	3.0	6.0	30.2	34.9	4.8	1325.0	6013.0	25.0	1077.8	69.9	66.53883579
Centro	Metropolitana	13	Las Condes	13114	urbano	5	4924	14.7	19.1	37.7	43.2	7.8	1813.0	1.0	288.1	99.0	1.0	45.0	4915.7	878.0	226.1	3026.0	13821.0	58.0	1506.0	211.0	233.3295424
Centro	Metropolitana	13	Lo Barnechea	13115	urbano	5	736	11.8	40.7	41.7	17.6	16.5	496.0	3.0	109.6	1024.0	5.0	7.4	82.4	26.0	4.5	1294.0	5629.0	23.0	1002.0	80.0	91.96666208
Centro	Metropolitana	13	Lo Espejo	13116	urbano	5	282	10.3	40.4	56.0	3.6	5.2	1517.0	8.0	99.1	7.0	17.0	2.9	7.5	9.2	1.1	582.0	2365.0	9.0	283.5	70.5	40.01986802
Centro	Metropolitana	13	Lo Prado	13117	urbano	5	287	10.1	45.7	49.3	5.1	10.2	1220.0	8.0	91.7	7.0	13.0	3.2	5.3	6.2	0.8	558.0	1539.0	5.0	315.6	65.9	43.57397707
Centro	Metropolitana	13	Macul	13118	urbano	5	423	11.5	33.2	50.8	16.0	12.7	1203.0	4.0	97.6	13.0	13.0	5.3	131.1	66.9	10.0	852.0	4679.0	16.0	355.8	71.2	59.42012699
Centro	Metropolitana	13	Maipú	13119	urbano	5	1800	11.8	34.3	51.8	13.9	11.1	5999.0	9.0	847.0	133.0	6.0	18.8	139.4	77.0	11.2	4108.0	30707.0	80.0	504.6	624.6	28.81724424
Centro	Metropolitana	13	Ñuñoa	13120	urbano	5	1296	14.2	21.1	37.0	41.9	10.9	2259.0	3.0	145.1	17.0	3.0	14.3	183.9	253.2	29.8	2070.0	18694.0	45.0	982.6	106.7	121.4074268
Centro	Metropolitana	13	Pedro Aguirre Cerda	13121	urbano	5	361	10.1	41.6	54.2	4.1	9.9	1329.0	7.0	92.7	10.0	13.0	4.2	17.4	12.1	1.4	756.0	2673.0	12.0	285.3	67.3	53.6284632
Centro	Metropolitana	13	Peñalolén	13122	urbano	5	807	10.5	43.9	46.6	9.5	11.0	2080.0	9.0	248.4	54.0	11.0	8.5	33.5	31.1	4.8	1834.0	8921.0	33.0	424.1	180.0	44.83059369
Centro	Metropolitana	13	Providencia	13123	urbano	5	3790	15.8	12.7	25.5	61.8	5.9	2978.0	2.0	126.6	14.0	0.0	40.1	1484.3	747.6	127.2	1843.0	15134.0	42.0	1451.1	93.7	404.3227328
Centro	Metropolitana	13	Pudahuel	13124	urbano	5	833	10.5	41.9	53.3	4.8	9.9	2853.0	4.0	268.6	197.0	16.0	7.6	168.4	76.7	13.6	1310.0	7529.0	20.0	310.2	196.6	42.36167616
Centro	Metropolitana	13	Quilicura	13125	urbano	5	885	10.8	38.1	53.8	8.0	2.8	2212.0	8.0	213.6	58.0	17.0	7.5	618.7	188.1	35.0	1493.0	10412.0	24.0	359.5	150.4	58.84504139
Centro	Metropolitana	13	Quinta Normal	13126	urbano	5	494	10.7	36.2	51.1	12.7	6.5	2028.0	3.0	87.0	12.0	8.0	6.8	84.2	50.0	7.7	1132.0	10092.0	17.0	325.0	62.7	78.82433662
Centro	Metropolitana	13	Recoleta	13127	urbano	5	839	10.2	41.7	53.7	4.6	15.1	3618.0	10.0	124.7	16.0	11.0	11.1	101.0	82.4	9.3	1382.0	10773.0	25.0	290.5	89.7	93.5089831
Centro	Metropolitana	13	Renca	13128	urbano	5	484	9.7	48.1	49.3	2.6	7.2	1841.0	9.0	130.8	24.0	19.0	4.6	231.9	84.1	14.6	1037.0	6072.0	16.0	252.5	93.6	51.6889691
Centro	Metropolitana	13	San Joaquín	13129	urbano	4	367	9.5	47.4	50.1	2.5	11.0	1383.0	13.0	77.3	10.0	13.0	4.8	80.5	37.9	6.7	729.0	5067.0	17.0	289.4	56.5	65.01213442
Centro	Metropolitana	13	San Miguel	13130	urbano	4	563	11.8	31.6	53.8	14.6	8.6	1807.0	9.0	71.0	10.0	5.0	6.8	65.1	61.1	9.1	1227.0	12913.0	31.0	423.7	51.4	109.4330087
Centro	Metropolitana	13	San Ramón	13131	urbano	5	414	10.1	39.8	52.6	7.7	11.4	1220.0	3.0	84.0	7.0	23.0	3.0	5.6	9.7	1.5	700.0	4149.0	11.0	340.3	58.8	70.35073409
Centro	Metropolitana	13	Vitacura	13132	urbano	5	1175	15.3	14.8	36.1	49.1	9.4	591.0	0.0	79.6	28.0	2.0	13.3	343.6	185.8	29.9	1402.0	6301.0	20.0	1958.2	57.1	205.8730771
Centro	Metropolitana	13	Puente Alto	13201	urbano	5	1927	11.1	40.1	50.5	9.4	11.6	7182.0	26.0	735.4	88.0	13.0	17.3	50.0	54.1	7.6	4615.0	32413.0	86.0	384.4	538.4	35.79309474
Centro	Metropolitana	13	Pirque	13202	rural	3	101	10.1	43.9	51.2	4.8	9.2	62.0	1.0	23.6	445.0	12.0	1.1	15.3	4.5	0.5	175.0	1072.0	5.0	267.9	16.8	60.05827437
Centro	Metropolitana	13	San José de Maipo	13203	rural	2	72	10.3	42.0	50.0	8.0	10.1	32.0	1.0	14.4	4995.0	11.0	0.8	1.8	2.2	0.3	208.0	778.0	4.0	353.7	10.7	67.03910615
Centro	Metropolitana	13	Colina	13301	rural	5	476	10.7	44.8	48.8	6.4	6.2	1238.0	4.0	113.4	971.0	12.0	4.2	62.0	40.5	6.2	1561.0	7841.0	22.0	376.1	80.6	59.08492838
Centro	Metropolitana	13	Lampa	13302	rural	4	455	8.8	61.1	35.6	3.3	17.6	692.0	2.0	64.8	452.0	16.0	3.6	122.9	46.8	8.7	677.0	2771.0	12.0	292.9	44.5	102.1461925
Centro	Metropolitana	13	Til Til	13303	rural	3	82	10.4	42.2	54.0	3.8	12.4	63.0	0.0	16.4	653.0	10.0	0.7	3.9	2.4	0.4	191.0	839.0	3.0	372.5	11.2	72.99270073
Centro	Metropolitana	13	San Bernardo	13401	urbano	5	1199	9.8	45.4	50.4	4.2	9.2	4715.0	25.0	311.0	155.0	16.0	11.1	227.8	102.7	16.7	2647.0	15363.0	48.0	291.5	219.5	54.63435084
Centro	Metropolitana	13	Buin	13402	rural	4	449	9.9	45.1	48.4	6.4	8.3	516.0	3.0	73.7	214.0	11.0	4.0	48.1	37.6	3.3	783.0	6100.0	16.0	372.5	52.8	85.01211754
Centro	Metropolitana	13	Calera de Tango	13403	rural	4	115	9.7	46.8	41.3	11.9	12.9	325.0	2.0	27.0	73.0	11.0	1.3	6.9	8.1	0.7	266.0	1287.0	8.0	476.1	19.6	58.72740272
Centro	Metropolitana	13	Paine	13404	rural	4	291	9.9	48.0	46.2	5.8	3.6	307.0	0.0	65.4	678.0	14.0	3.4	18.1	23.3	2.0	611.0	3393.0	13.0	306.8	46.1	63.15378272
Centro	Metropolitana	13	Melipilla	13501	rural	5	708	10.3	44.7	44.5	10.8	12.8	999.0	6.0	107.2	1345.0	9.0	6.7	77.2	35.1	3.6	1326.0	8984.0	22.0	348.4	75.4	93.91913403
Centro	Metropolitana	13	Alhué	13502	rural	1	21	9.0	57.4	38.3	4.3	9.1	9.0	0.0	4.6	845.0	9.0	0.3	6.8	2.1	0.7	73.0	247.0	1.0	267.3	3.3	62.98740252
Centro	Metropolitana	13	Curacaví	13503	rural	4	112	9.4	49.5	44.6	5.9	18.9	108.0	0.0	29.8	693.0	14.0	1.5	4.3	4.3	0.5	269.0	1651.0	5.0	303.4	21.2	52.8576148
Centro	Metropolitana	13	María Pinto	13504	rural	2	48	8.5	63.7	35.3	1.0	5.0	25.0	0.0	11.8	395.0	6.0	0.6	2.1	2.4	0.2	111.0	450.0	1.0	337.5	8.4	57.3408195
Centro	Metropolitana	13	San Pedro	13505	rural	1	47	7.7	72.1	24.6	3.3	7.4	15.0	0.0	8.1	788.0	7.0					84.0	293.0	1.0	243.2	7.4	63.85869565
Centro	Metropolitana	13	Talagante	13601	rural	5	301	10.0	47.8	47.3	4.9	5.5	587.0	2.0	77.6	126.0	13.0	3.1	12.3	16.6	1.8	966.0	7552.0	23.0	420.5	54.8	54.8829407
Centro	Metropolitana	13	El Monte	13602	rural	4	104	10.6	40.9	48.9	10.2	9.9	196.0	1.0	31.3	118.0	18.0	1.3	3.7	3.6	0.4	274.0	604.0	3.0	418.8	21.7	47.96605479
Centro	Metropolitana	13	Isla de Maipo	13603	rural	4	143	9.6	49.5	46.4	4.0	8.3	127.0	0.0	31.8	189.0	16.0	1.4	7.6	6.7	0.7	318.0	1698.0	5.0	239.5	22.6	63.27433628
Centro	Metropolitana	13	Padre Hurtado	13604	urbano	4	207	10.5	44.0	51.6	4.4	11.0	332.0	3.0	49.9	81.0	17.0	1.9	14.7	8.5	1.3	534.0	3164.0	10.0	408.9	35.2	58.87037142
Centro	Metropolitana	13	Peñaflor	13605	urbano	5	284	11.2	40.5	47.2	12.3	9.0	579.0	2.0	86.3	69.0	9.0	3.2	10.7	12.6	1.4	835.0	4894.0	19.0	485.7	61.2	46.44241304
sur	Los Rios	14	Valdivia	14101	urbano	5	932	11.0	38.0	50.6	11.4	13.9	840.0	2.0	161.7	1016.0	20.0	8.5	53.7	47.7	7.2	1817.0	11347.0	44.0	400.6	118.3	78.75412994
sur	Los Rios	14	Corral	14102	rural	1	41	8.4	62.2	34.8	3.0	16.3	4.0	0.0	5.0	767.0	20.0	0.2	0.3	0.4	0.1	63.0	255.0	1.0	267.9	3.5	115.819209
sur	Los Rios	14	Lanco	14103	rural	3	115	9.2	52.4	43.6	4.0	13.4	29.0	0.0	16.6	532.0	21.0	1.0	3.0	3.8	0.3	256.0	1436.0	6.0	316.3	11.4	101.018974
sur	Los Rios	14	Los Lagos	14104	rural	3	151	8.7	58.7	37.9	3.4	7.4	35.0	0.0	21.7	1791.0	17.0	0.9	1.9	2.4	0.2	213.0	1116.0	4.0	269.1	14.8	101.9443694
sur	Los Rios	14	Mafil	14105	rural	1	38	8.9	54.4	41.5	4.1	4.3	7.0	0.0	7.0	583.0	18.0	0.4	0.8	1.3	0.1	84.0	406.0	2.0	292.4	5.0	76.44337156
sur	Los Rios	14		14106	rural	3	123	8.5	58.8	37.4	3.8	9.1	38.0	0.0	18.4	1321.0	17.0	0.9	2.4	4.6	0.5	248.0	1134.0	8.0	273.5	12.3	99.7324252
sur	Los Rios	14	Paillaco	14107	rural	3	109	8.4	58.5	38.3	3.2	12.8	37.0	0.0	19.9	896.0	21.0	1.1	4.6	2.9	0.4	217.0	1319.0	3.0	287.0	14.0	77.60768957
sur	Los Rios	14	Panguipulli	14108	rural	4	197	8.6	58.3	37.6	4.1	15.0	60.0	1.0	35.1	3292.0	25.0	1.8	5.2	5.4	0.5	448.0	2502.0	8.0	293.6	25.3	78.0105334
sur	Los Rios	14	La Unión	14201	rural	4	206	9.1	53.9	40.9	5.2	9.9	60.0	0.0	38.8	2137.0	20.0	2.3	24.4	10.8	1.1	515.0	3652.0	14.0	322.4	27.7	74.31725531
sur	Los Rios	14	Futrono	14202	rural	3	76	8.3	58.7	37.6	3.7	5.7	12.0	1.0	15.8	2121.0	25.0	0.7	1.4	2.2	0.2	193.0	1035.0	6.0	239.7	10.6	71.47559485
sur	Los Rios	14	Lago Ranco	14203	rural	2	54	8.7	57.9	36.5	5.5	12.7	6.0	0.0	9.5	1763.0	21.0	0.4	1.7	1.1	0.2	96.0	501.0	2.0	338.2	6.5	82.6446281
sur	Los Rios	14	Río Bueno	14204	rural	4	211	8.9	55.4	38.7	5.9	9.1	104.0	1.0	31.3	2212.0	21.0	1.9	4.7	5.0	0.5	321.0	1992.0	8.0	327.3	21.8	96.81563733
Norte	Arica	15	Arica	15101	urbano	5	1228	11.0	38.8	52.8	8.4	11.5	1260.0	9.0	179.0	4799.0	13.0	13.7	50.2	49.9	5.3	2510.0	15518.0	37.0	406.6	125.7	97.7177961
Norte	Arica	15	Camarones	15102	rural	1	10	8.1	59.7	40.3	0.0	2.9	0.0	0.0	1.7	3927.0	8.0	0.1	0.0	0.1	0.0	12.0	17.0	1.0	339.5	1.2	80.38585209
Norte	Arica	15	Putre	15201	rural	1	9	7.9	66.4	29.5	4.1	5.6	0.0	0.0	1.3	5903.0	30.0	0.1	0.1	0.2	0.0	31.0	47.0	1.0	335.5	0.9	94.93670886
